1.4704209922152908e+71
2.3507281388187704e+73
1.0226462602120098e+74
2.2636636892438183e+74
3.7288520983859796e+74
5.204050430850905e+74
6.534751285961287e+74
7.629726132902037e+74
8.44970878806988e+74
8.993436225684267e+74
9.276424439872423e+74
9.336310025289146e+74
9.206469378321582e+74
8.926527747368075e+74
8.533287139924071e+74
8.057705051807057e+74
7.529056140664746e+74
6.969401351211682e+74
6.398986750919865e+74
5.833842837069356e+74
3.8702472907482447e+74
1.8404201640839755e+74
7.947460119018297e+73
3.214799691304142e+73
1.2408874941377233e+73
4.621251183365499e+72
1.673233267728158e+72
5.917540506480858e+71
2.0512627316409975e+71
6.982756638850457e+70
2.3374821598620916e+70
7.695631437470745e+69
2.4916321351936894e+69
7.92154602322138e+68
2.4698941216453237e+68
7.524667267989795e+67
2.229230926065878e+67
6.372937752318932e+66
1.7350639279689616e+66
4.387789041590573e+65
9.756617956197624e+64
1.6018432662307378e+64
-5.708343957598058e+61
-1.7075707341697552e+63
-1.0655871238938191e+63
-4.851774920022343e+62
-1.8822076027395953e+62
-6.406263883045754e+61
-1.8431104353958417e+61
-3.747378333603653e+60
