4.849870490747251e+69
3.4476279604420563e+71
7.03973780233229e+71
7.742979276487855e+71
6.589912712645406e+71
4.885347659975952e+71
3.324773306688079e+71
2.133673714103121e+71
1.31130525735828e+71
7.798142320619901e+70
4.511650888777917e+70
2.55360893220935e+70
1.41815299152454e+70
7.747689098208027e+69
4.174315638946998e+69
2.220341305374403e+69
1.1680979822892528e+69
6.083291881599815e+68
3.1384130650540937e+68
1.6049823732665827e+68
1.1450317138884809e+67
1.7646263502844627e+65
2.3700347421968605e+63
2.916578109401746e+61
3.3856961810525724e+59
3.76552602452379e+57
4.053017803106182e+55
4.24976617086522e+53
4.357527521827844e+51
4.3827821446356834e+49
4.337413255145719e+47
4.226703304466739e+45
4.0674590357844906e+43
3.865272274241691e+41
3.631327713361547e+39
3.375288288708287e+37
3.102912638545863e+35
2.821740350736815e+33
2.5357512554782408e+31
2.2530700388363154e+29
1.9727760139502802e+27
1.7003467896554395e+25
1.4376342947837183e+23
1.1863109053913343e+21
9.485134137628144e+18
7.259104926368186e+16
519693723543944.94
3313875040582.8525
16332730434.72229
16717548.682513013
