5.737568980069793e+70
9.377191331455304e+72
4.0793250824988265e+73
8.954188065246047e+73
1.4560524929852807e+74
2.0009443364877478e+74
2.470291628545005e+74
2.832025274245597e+74
3.076969514060931e+74
3.2093015696828484e+74
3.2424618688001976e+74
3.193471909599306e+74
3.080222750217982e+74
2.919096237971725e+74
2.726246632907135e+74
2.5144547769257165e+74
2.293681860674475e+74
2.071933126561778e+74
1.8562453354895894e+74
1.6504455182336437e+74
9.928067276180535e+73
4.046986265917134e+73
1.4904086296564116e+73
5.123039841546037e+72
1.6758230972339743e+72
5.280109584374056e+71
1.6166570088784456e+71
4.8347109920456336e+70
1.417693857145761e+70
4.089162859034424e+69
1.1621563420171245e+69
3.259482441472183e+68
9.026560984539658e+67
2.4696865417156682e+67
6.675348904650928e+66
1.7812621317527914e+66
4.688716112691148e+65
1.2155657936644246e+65
3.09623920275719e+64
7.725163453593484e+63
1.8767304804704086e+63
4.407384813567836e+62
9.857378590314661e+61
2.0471720141469505e+61
3.7200287249926145e+60
4.851742837292203e+59
-1.4115851259855392e+58
-4.307708542786192e+58
-2.179645371177352e+58
-8.353467294166842e+57
