4.155049954863e+71
4.0601783159948034e+73
1.3615266056216772e+74
2.515852926947411e+74
3.613138227896068e+74
4.522544213678492e+74
5.194295868958915e+74
5.625261111045028e+74
5.838847237858781e+74
5.867108030567162e+74
5.747715920407068e+74
5.516088860085067e+74
5.205328992084536e+74
4.842783754517909e+74
4.452090227055618e+74
4.0508746427048474e+74
3.653510970885553e+74
3.2694662808761706e+74
2.90600128009958e+74
2.567608409782174e+74
1.5264720485099927e+74
6.303365393069319e+73
2.4163501540405015e+73
8.812319165475639e+72
3.098454241913724e+72
1.0586388930614072e+72
3.530759168371977e+71
1.1527900066032578e+71
3.688143701740093e+70
1.1563972294821418e+70
3.55066730093554e+69
1.065069049109154e+69
3.1105596150986384e+68
8.7864698281262e+67
2.3779281864291866e+67
6.054018072684615e+66
1.4007449157736325e+66
2.6908090544583437e+65
2.8691644845108756e+64
-8.286366784823496e+63
-7.580966985650704e+63
-3.647783629797871e+63
-1.3851183475157653e+63
-4.345853312742414e+62
-1.0249121908742603e+62
-6.822127717139319e+60
1.2042328341597506e+61
1.0784197046828056e+61
6.628271577922406e+60
3.5197503548416235e+60
