1.6893067252854047e+69
3.936680333136074e+70
2.455971762379308e+70
7.744041764258832e+69
1.7989419183010526e+69
3.514972669853429e+68
6.126541255591391e+67
9.890216652227084e+66
1.5083060818970789e+66
2.208325100821974e+65
3.13336947839239e+64
4.339605752592369e+63
5.894369353131106e+62
7.879540361122398e+61
1.0418688816561058e+61
1.3621680261530727e+60
1.7653122077621907e+59
2.269990009648593e+58
2.9001037360591302e+57
3.680177594183708e+56
1.269055424434694e+53
6.163824798588379e+47
2.624724963097721e+42
1.0250965306893569e+37
3.7650911513526864e+31
1.3193841978249565e+26
4.456317808197443e+20
1465252627596424.8
4707192484.274321
14851.021649832854
0.046192346837216444
1.4223731312332985e-07
4.343170857163036e-13
1.3171072385529363e-18
3.975921729913066e-24
1.1959184767437297e-29
3.5658484248721593e-35
1.0073354657994809e-40
2.393191089618857e-46
3.2223902707881362e-52
3.1369865896909e-60
0.0
0.0
0.0
0.0
0.0
0.0
0.0
0.0
0.0
