3.811820299397667e+71
4.01243611705661e+73
1.4068339473013878e+74
2.675351782650789e+74
3.923204209380665e+74
4.990953259595802e+74
5.810091387035737e+74
6.367534144574652e+74
6.679281362006019e+74
6.777814830984548e+74
6.70149035311184e+74
6.488508534794378e+74
6.174694476836233e+74
5.792612187257667e+74
5.366539975546779e+74
4.921197675678006e+74
4.471564765700137e+74
4.0306009413937936e+74
3.608013028309184e+74
3.2096008335192614e+74
1.9561014798322497e+74
8.35015467033493e+73
3.298100485607805e+73
1.236345245598836e+73
4.46132354844081e+72
1.5627170237864156e+72
5.341029958675082e+71
1.786400111800093e+71
5.854273575457643e+70
1.8809349786858873e+70
5.921315234312727e+69
1.8222478969918237e+69
5.466631277854503e+68
1.5900458388019134e+68
4.4445593284859696e+67
1.1762808486861095e+67
2.862950802349349e+66
5.990343169035875e+65
8.44917093266993e+64
-7.455767191978319e+63
-1.281343849449659e+64
-6.944763223100406e+63
-2.8540799073784433e+63
-9.755991221474802e+62
-2.6682536415922906e+62
-4.1720171884830285e+61
1.3267873991383006e+61
1.8112234461427256e+61
1.2486010070337888e+61
7.052080102433804e+60
