4.467070311922009e+71
4.021855839517957e+73
1.2809496935134242e+74
2.291000609361221e+74
3.214115763694945e+74
3.9491072260357953e+74
4.4654280376702995e+74
4.769860812674737e+74
4.88834613933693e+74
4.8534220315579e+74
4.700460790764091e+74
4.461306423210484e+74
4.165743758607964e+74
3.835474533316394e+74
3.4905159329587263e+74
3.144728758322484e+74
2.809164361677051e+74
2.4904112524721164e+74
2.1936903204201312e+74
1.9211192242621465e+74
1.1063010752721328e+74
4.375918924365799e+73
1.614098877413077e+73
5.681380920120215e+72
1.931572249988616e+72
6.389919668908728e+71
2.0648052880054697e+71
6.534029523490997e+70
2.0263714034852897e+70
6.158546842362879e+69
1.8324084814454824e+69
5.323853587946179e+68
1.503929077458151e+68
4.1041360625659535e+67
1.0697585969521277e+67
2.6112987802060308e+66
5.726510288785007e+65
1.0083976108042123e+65
7.46922335688057e+63
-4.64732773778362e+63
-3.319782542524797e+63
-1.4609181924869127e+63
-5.164543312672594e+62
-1.4854593367363272e+62
-2.936686713259551e+61
1.5063818505720456e+60
5.935201809732048e+60
4.397396605825124e+60
2.4943964019867076e+60
1.2542645064000925e+60
