4.562327370836364e+71
3.976015585111446e+73
1.24204734537329e+74
2.1949556648336303e+74
3.053018217440013e+74
3.725638570937215e+74
4.187425672376568e+74
4.4489577658043007e+74
4.536779389281287e+74
4.483008515590805e+74
4.321694897972424e+74
4.0838821489251793e+74
3.796197352168516e+74
3.4803414443109343e+74
3.1543606295323807e+74
2.8303925916201484e+74
2.5182076197217435e+74
2.224042412676152e+74
1.951504467602906e+74
1.7027164345963497e+74
9.677313514993096e+73
3.7597825095056435e+73
1.364919941328899e+73
4.7337533484830994e+72
1.5869280478467843e+72
5.178580870869056e+71
1.6514131757712496e+71
5.1584100738545803e+70
1.5791476960535693e+70
4.738716244585896e+69
1.3918530675164355e+69
3.9923209546732807e+68
1.1131204115398784e+68
2.9971119321629245e+67
7.706656045609537e+66
1.8530579254944934e+66
3.994511443544875e+65
6.860450866285938e+64
4.610384048202037e+63
-3.329341032876869e+63
-2.2742490809173732e+63
-9.778225008215826e+62
-3.383755516335284e+62
-9.485199875017717e+61
-1.7715869865233737e+61
1.552878212615136e+60
4.008894467195917e+60
2.855575513944729e+60
1.584592109696065e+60
7.837434398649953e+59
