4.977925562609043e+71
3.529388408569643e+73
9.995657167087695e+73
1.6650444825404989e+74
2.2150343428161107e+74
2.6023331761367106e+74
2.826179194573521e+74
2.906335849097196e+74
2.8711138684145683e+74
2.750550654470754e+74
2.5717718248869415e+74
2.3579179661413007e+74
2.1272229093541853e+74
1.8934684530647514e+74
1.6668820359285616e+74
1.4534069404689318e+74
1.257164536478841e+74
1.0800419443258297e+74
9.22518053988416e+73
7.83845629401551e+73
4.0445522077055954e+73
1.3755088164436837e+73
4.420510649059543e+72
1.3667812885149007e+72
4.1018261884976037e+71
1.2014194883733247e+71
3.444860804685492e+70
9.684979752360234e+69
2.671170544245287e+69
7.221590390221103e+68
1.9118955514358655e+68
4.9406888549481276e+67
1.240482637885593e+67
3.0054055314286246e+66
6.937017549535766e+65
1.4917795456462975e+65
2.8534747479930085e+64
4.2265775577368035e+63
1.63783236620263e+62
-2.1376141127869796e+62
-1.195974492622959e+62
-4.458490618189e+61
-1.3331747086644703e+61
-3.1104727464779465e+60
-3.7805727291761886e+59
1.4826808537874336e+59
1.53710902699282e+59
8.891955677956016e+58
4.277024475965272e+58
1.8715874038751482e+58
