4.668108895447758e+70
7.45333393108724e+72
3.182622439296407e+73
6.853532532461842e+73
1.093531199616547e+74
1.4747191045884808e+74
1.7869245115912264e+74
2.0111937666922774e+74
2.145883299330667e+74
2.198424440890354e+74
2.1820825898967286e+74
2.1110183961047792e+74
1.999709234449966e+74
1.8620991096909393e+74
1.7084168493744865e+74
1.5472235528996757e+74
1.3863695796822915e+74
1.2302489499178536e+74
1.082328015245995e+74
9.449705582439836e+73
5.294193454055358e+73
1.9329933837072977e+73
6.3568007313972466e+72
1.9478252938214988e+72
5.672106489722054e+71
1.5898400649734888e+71
4.325996330152447e+70
1.149603130781559e+70
2.9955786388569057e+69
7.675232264310184e+68
1.937808721149919e+68
4.82854947915291e+67
1.1882212495446298e+67
2.8897419928200486e+66
6.946734109566986e+65
1.6499339336643248e+65
3.868527505050679e+64
8.946214904261937e+63
2.035437035734334e+63
4.547034607089303e+62
9.926253214806888e+61
2.1044504021018285e+61
4.2873216407200984e+60
8.247455966157552e+59
1.4426298006716461e+59
2.09104511118037e+58
1.5795019140943693e+57
-4.579346262182995e+56
-3.0639866392982147e+56
-1.1738315489668887e+56
