3.3461700090864936e+70
5.114120749949124e+72
2.0858999986822736e+73
4.3000421589746874e+73
6.573732147541657e+73
8.506181096885388e+73
9.893924765944958e+73
1.0705172669931668e+74
1.0983590523078146e+74
1.0830906681061756e+74
1.0347238332269686e+74
9.639001623515535e+73
8.796155096166498e+73
7.888810547075523e+73
6.969738974609693e+73
6.083512175567051e+73
5.248929710630132e+73
4.4846879238303357e+73
3.799328359653128e+73
3.193549694112624e+73
1.544312481789373e+73
4.48654316303326e+72
1.1689722678724828e+72
2.8291204763372176e+71
6.496440820350993e+70
1.4344602966972027e+70
3.0721328284956236e+69
6.421519807805393e+68
1.3157402400659393e+68
2.651151890998483e+67
5.262952239862094e+66
1.0311592990334013e+66
1.996178909514106e+65
3.82114697107066e+64
7.23229189930782e+63
1.3535437886354088e+63
2.5043724621924165e+62
4.573787964345172e+61
8.242280596098741e+60
1.4604950473220193e+60
2.53974657140536e+59
4.311125786012968e+58
7.095589756178061e+57
1.1189076682216723e+57
1.656459787282847e+56
2.198801763377252e+55
2.308000188580593e+54
7.723499174406893e+52
-5.292416343436554e+52
-2.224062560570692e+52
