4.260749686575955e+71
4.0611579108707046e+73
1.34043958771876e+74
2.4514557163443976e+74
3.4950415135860596e+74
4.3492587877906364e+74
4.971336058821064e+74
5.361778260540375e+74
5.543622884229679e+74
5.55069863687688e+74
5.419069396816131e+74
5.184201426006537e+74
4.876172790450586e+74
4.5227323855286234e+74
4.1454421803501317e+74
3.76107111334192e+74
3.3822834589062055e+74
3.018528023589079e+74
2.6759355475657017e+74
2.3582018559035024e+74
1.3889332294713064e+74
5.66316522073016e+73
2.1463067246416097e+73
7.746315327543178e+72
2.6972374463650957e+72
9.1287293020275e+71
3.0164088607682854e+71
9.757449054823958e+70
3.093200897180969e+70
9.610844988619107e+69
2.9234998556229497e+69
8.685384081004646e+68
2.5113595918670553e+68
7.019688652406205e+67
1.8781625416624622e+67
4.71723968053343e+66
1.0727039040435601e+66
2.0026716498033341e+65
1.910494298686598e+64
-7.297044011372627e+63
-6.023830339781799e+63
-2.8043264621862286e+63
-1.0401326632609848e+63
-3.171966410736498e+62
-7.079232454279551e+61
-2.204823279150114e+60
1.0173078414754727e+61
8.444763762358051e+60
5.04868760299926e+60
2.6316578567381596e+60
