2.98668177330698e+70
4.452218460592874e+72
1.7789017086395318e+73
3.59689319012994e+73
5.3975720229110757e+73
6.859100994258593e+73
7.841152180218659e+73
8.337480103615483e+73
8.412547424384692e+73
8.155564634282927e+73
7.664400194455638e+73
7.025207312064662e+73
6.307767341860155e+73
5.566135595376181e+73
4.839543992694006e+73
4.155421970313802e+73
3.528191850477222e+73
2.9662541081731636e+73
2.472259576181417e+73
2.0442235787699354e+73
9.275372499150924e+72
2.443532936450208e+72
5.764249796814781e+71
1.2611777190333096e+71
2.617212323600605e+70
5.220405206039935e+69
1.0097457286068295e+69
1.9057272340220714e+68
3.5255468807865096e+67
6.411525807532104e+66
1.1488966043489744e+66
2.0319284845679287e+65
3.5502947114222307e+64
6.1351314779966875e+63
1.04809200596977e+63
1.7715247490279749e+62
2.959953912662435e+61
4.885989774925008e+60
7.957683880561241e+59
1.275869397081885e+59
2.0085556565058845e+58
3.092270761261022e+57
4.621814947448308e+56
6.648469207324742e+55
9.026488902287991e+54
1.1155979988555912e+54
1.1400406396975684e+53
6.064070945175992e+51
-1.251980611992411e+51
-5.910908955951455e+50
