2.6550237794114565e+70
3.835245611089602e+72
1.4957777018408967e+73
2.956157890075378e+73
4.340455980204791e+73
5.3986741196622153e+73
6.045742249844937e+73
6.302484425120594e+73
6.235195444058277e+73
5.928854269646035e+73
5.4676647769274414e+73
4.9171236654252586e+73
4.333009735217223e+73
3.752893883072919e+73
3.202437522597196e+73
2.6980524424037913e+73
2.2482894373609584e+73
1.855187670250943e+73
1.5168759001392565e+73
1.230702148574313e+73
5.190663861505448e+72
1.220378122089118e+72
2.565350196056545e+71
4.9972840949171375e+70
9.227049509459287e+69
1.636594952523277e+69
2.815040819987429e+68
4.723745991740508e+67
7.76957508352148e+66
1.255953502651265e+66
2.0007270614838045e+65
3.145832125982968e+64
4.888376487485517e+63
7.5088531608494205e+62
1.1409901960350603e+62
1.7159062718312743e+61
2.5512275157172382e+60
3.748742375100233e+59
5.438667707908181e+58
7.771784723851578e+57
1.0911930608605364e+57
1.500415322093488e+56
2.0068903425264014e+55
2.588115761826598e+54
3.1673383698277514e+53
3.5671027200422574e+52
3.4272075158132905e+51
2.087620373820444e+50
-1.591969224296477e+49
-9.448472665641016e+48
