2.1249961056859129e+71
3.0937519089798696e+73
1.2808350532521192e+74
2.7337456905779415e+74
4.374182417404291e+74
5.960528284512043e+74
7.337957676725308e+74
8.427786998968721e+74
9.206124332627365e+74
9.683620211872546e+74
9.89046893968798e+74
9.866267338413947e+74
9.654736265905103e+74
9.298698360024362e+74
8.832855613989517e+74
8.296191846132742e+74
7.71178307393847e+74
7.106242320998247e+74
6.497807303545864e+74
5.900279305417859e+74
3.867490220202295e+74
1.8186520838645e+74
7.81314708985107e+73
3.1590675223092846e+73
1.2228039123446168e+73
4.5780244708214235e+72
1.6690929924482503e+72
5.949193286266423e+71
2.079284466151861e+71
7.133290447207602e+70
2.4041675075509702e+70
7.95842025276938e+69
2.583858482510511e+69
8.212150943066757e+68
2.5449732478442106e+68
7.646802084121235e+67
2.2072871579408135e+67
6.020572550992903e+66
1.5041283092487007e+66
3.179019442661708e+65
4.1626854684040455e+64
-7.747409318997046e+63
-9.481305372895774e+63
-5.177541073672395e+63
-2.230211471292428e+63
-8.226702773606483e+62
-2.5778602827079297e+62
-6.036374854387153e+61
-2.6098201075206105e+60
8.92724614638462e+60
