5.030148326076667e+71
1.933278535112106e+73
4.8207007294881364e+73
7.294961442633691e+73
8.836061764149012e+73
9.4376786560196e+73
9.292231939848096e+73
8.637026200502598e+73
7.687588846397755e+73
6.613318642060786e+73
5.5382768796303954e+73
4.535540114575933e+73
3.647300166290495e+73
2.889462095153949e+73
2.2602648170346505e+73
1.7500005322078796e+73
1.3434681882745451e+73
1.0242534258942558e+73
7.764336743991562e+72
5.8592576192535505e+72
1.9353433380249027e+72
3.4799859846272563e+71
6.17949563203408e+70
1.085512803002298e+70
1.8782892551802153e+69
3.19350855402118e+68
5.3326505837232654e+67
8.746952330214274e+66
1.40893960746704e+66
2.228332927568884e+65
3.4550700073411536e+64
5.242375924685988e+63
7.754117537816515e+62
1.112472238843169e+62
1.5343934830130204e+61
2.005850200488628e+60
2.419471942282191e+59
2.534644899625901e+58
1.8960808555411244e+57
-2.652981340785948e+55
-5.043563219796099e+55
-1.3573512795713283e+55
-2.5835649108074454e+54
-3.70513386245799e+53
-2.826473831644369e+52
5.613253557669733e+51
3.6051755390506906e+51
1.2344199824801698e+51
3.484036595092139e+50
8.907828291741139e+49
