3.702804418558513e+71
3.986850228410571e+73
1.4161533244862837e+74
2.715818316949032e+74
4.0065573483884195e+74
5.121151857137439e+74
5.984917937703087e+74
6.580824258118549e+74
6.923528995263811e+74
7.044543310573727e+74
6.981783802808678e+74
6.776738301654086e+74
6.462785975590167e+74
6.074794498324623e+74
5.641289505949099e+74
5.182368239265543e+74
4.718096959053574e+74
4.2609344226097965e+74
3.8209437636184456e+74
3.4052482563100594e+74
2.0883532011732996e+74
8.991462514511959e+73
3.577851464524622e+73
1.3501860777480015e+73
4.903091338763267e+72
1.7281633712651337e+72
5.941348243212021e+71
1.9985818879301603e+71
6.588268958611831e+70
2.129130840926973e+70
6.742718453967349e+69
2.08845166372657e+69
6.305896967771514e+68
1.847303526774177e+68
5.205086444715879e+67
1.3904163925522668e+67
3.427464433275316e+66
7.318712839828014e+65
1.0931884321340765e+65
-5.8237871560414875e+63
-1.438670489413793e+64
-8.100478726832532e+63
-3.4012782931617336e+63
-1.1876678445138756e+63
-3.357037971509666e+62
-5.87049799182974e+61
1.1952357220376477e+61
2.0152845115746322e+61
1.4407109976865126e+61
8.295814532488278e+60
