4.3656647283011427e+71
4.0490624515110644e+73
1.3134951270270684e+74
2.37622231433127e+74
3.36109257940192e+74
4.1568454241850835e+74
4.726450594297848e+74
5.073935977652253e+74
5.224016305276301e+74
5.209273531384346e+74
5.066103674658419e+74
4.82826159191621e+74
4.525594942254908e+74
4.1833494596176224e+74
3.8211079210128174e+74
3.455522752562964e+74
3.097512255408356e+74
2.7558623651059097e+74
2.435642635657134e+74
2.1401063557707217e+74
1.2471956643424645e+74
5.012230171927381e+73
1.8760142589835073e+73
6.690981618098292e+72
2.3039790089574587e+72
7.713592492026817e+71
2.5226899057037617e+71
8.076282326621633e+70
2.533960305015535e+70
7.793111960680784e+69
2.345886748002459e+69
6.8972442600013665e+68
1.9725979218984908e+68
5.451852560534976e+67
1.4400458202711602e+67
3.568375043652676e+66
7.965094355669545e+65
1.4432213579146074e+65
1.2125610443023512e+64
-6.041501405188189e+63
-4.593165590109526e+63
-2.0762044760113423e+63
-7.514094368105348e+62
-2.227049418713113e+62
-4.6791735596880487e+61
4.391008605191158e+59
8.083631304977266e+60
6.3076800103914835e+60
3.6699333894958854e+60
1.878483353964887e+60
