4.1875364293716985e+70
6.608378510589835e+72
2.786507387620373e+73
5.927293259228137e+73
9.342725062010186e+73
1.24500673303018e+74
1.490783146509878e+74
1.6590859000342897e+74
1.750326676138624e+74
1.773169010540636e+74
1.7404576787386847e+74
1.6654225932895995e+74
1.5608134965464216e+74
1.4375530103480642e+74
1.3042732946083496e+74
1.1689412811602762e+74
1.0358136208614861e+74
9.090981177025265e+73
7.910439877893412e+73
6.830379195359937e+73
3.666151906744148e+73
1.2518806997361363e+73
3.845842283470018e+72
1.0996692441722137e+72
2.986517786168418e+71
7.805834869930207e+70
1.9793986245223423e+70
4.9007133905210085e+69
1.1897179969325357e+69
2.8398934382310227e+68
6.679233738282589e+67
1.5502320519204704e+67
3.5542194310973226e+66
8.054663097930865e+65
1.8040491313376637e+65
3.994567110003821e+64
8.734057542175184e+63
1.8844713924461382e+63
4.002554726223184e+62
8.353497967581765e+61
1.7061016352904703e+61
3.39172730115034e+60
6.499386068418142e+59
1.1829525876736122e+59
1.9840627566454002e+58
2.8549096612255837e+57
2.6848172806371766e+56
-2.413799860304697e+55
-2.3930126034224214e+55
-9.246771827545607e+54
