5.086114955394645e+71
3.335786808641892e+73
9.187357425751514e+73
1.5051055946914747e+74
1.975206345984388e+74
2.292399961888696e+74
2.460224940539552e+74
2.500749269491563e+74
2.4418046828865917e+74
2.312107213795603e+74
2.1369461879529002e+74
1.9362865984772034e+74
1.7265317284565655e+74
1.519088217648787e+74
1.3217729473257314e+74
1.1395731563558666e+74
9.746846016473274e+73
8.280941064364243e+73
6.995300079733177e+73
5.880292879837487e+73
2.917156887876383e+73
9.390639471412564e+72
2.8685331431846696e+72
8.450323063687706e+71
2.419725433582718e+71
6.768722085468585e+70
1.8545239211126524e+70
4.984298063896824e+69
1.3143228773833016e+69
3.399173277060868e+68
8.608247678847532e+67
2.1285271195356272e+67
5.1157749644759646e+66
1.186189043003556e+66
2.621598281157325e+65
5.40111877738386e+64
9.900432566216278e+63
1.4126749046446303e+63
5.66537742201291e+61
-6.30685684393523e+61
-3.40696963811967e+61
-1.2152615093613555e+61
-3.46248822364611e+60
-7.617131630027459e+59
-8.106270002242154e+58
3.859522511452263e+58
3.578213523015126e+58
1.9547089458808303e+58
8.947984556907018e+57
3.7362922980135465e+57
