5.192472727602239e+71
3.0908259635969686e+73
8.271868004977551e+73
1.3310775800678288e+74
1.7201642312426758e+74
1.9675628540104955e+74
2.0817640516425428e+74
2.085631967849909e+74
2.0072515700927544e+74
1.8728068147541808e+74
1.7050672708653948e+74
1.5221350693037668e+74
1.336955746904098e+74
1.1587238641979182e+74
9.932110098594381e+73
8.435086415696485e+73
7.10874944609704e+73
5.952170317125084e+73
4.955571892875337e+73
4.1071437040563917e+73
1.9332819760828416e+73
5.782172633051719e+72
1.6493248558847451e+72
4.550209670451681e+71
1.2222706421187567e+71
3.209947595079693e+70
8.263000909758766e+69
2.0870997580326354e+69
5.17611251817767e+68
1.2591139093927087e+68
3.0003331604402795e+67
6.982251984716585e+66
1.579745899198877e+66
3.451067048194375e+65
7.18924931365226e+64
1.3986074464791882e+64
2.4302301317090214e+63
3.329106035590469e+62
1.5600671678199282e+61
-1.1693697248097982e+61
-6.175687850391558e+60
-2.0907517835306752e+60
-5.609252225469496e+59
-1.150871196170919e+59
-1.0722303298872721e+58
5.704550166729985e+57
4.779136419412751e+57
2.436189159745606e+57
1.0457305027792727e+57
4.103019372135598e+56
