7.900934386147736e+70
1.311282496717199e+73
5.794476417310424e+73
1.2928802665697988e+74
2.1389764849818474e+74
2.9919516118160987e+74
3.758765040020959e+74
4.386399611517248e+74
4.85004581253855e+74
5.148302392632424e+74
5.29331748247807e+74
5.304765022746435e+74
5.206677724478736e+74
5.021836729766817e+74
4.773095795114018e+74
4.48064167303025e+74
4.159987815995165e+74
3.826445502322681e+74
3.4892355317207345e+74
3.1587752854660827e+74
2.037407792076817e+74
9.250889119500908e+73
3.8016917542264504e+73
1.4594214388957665e+73
5.3350668839588774e+72
1.879341292121472e+72
6.430167571210288e+71
2.1486827449935727e+71
7.039965722603185e+70
2.2673803641870198e+70
7.190309646163321e+69
2.2491476903349617e+69
6.938699105296949e+68
2.112681574178484e+68
6.344743700417957e+67
1.8780308958017462e+67
5.47003836826587e+66
1.5645321314975885e+66
4.377791378408817e+65
1.1927604461792961e+65
3.1360534970003095e+64
7.848780423606863e+63
1.8218859223350716e+63
3.689475640637059e+62
5.326487600595563e+61
-2.1046108840832412e+60
-6.108713976073834e+60
-3.414194360329159e+60
-1.4508664242973478e+60
-5.363013337429996e+59
