4.7223834472349685e+71
3.795322044652548e+73
1.1352075699975352e+74
1.9547624728695956e+74
2.6678690980858765e+74
3.2057178961721704e+74
3.5544962553069583e+74
3.729316792695936e+74
3.7570096556119137e+74
3.669805007929305e+74
3.497787205528548e+74
3.268720754820078e+74
3.0055513424755556e+74
2.726015363131569e+74
2.44466634533101e+74
2.1711903249929512e+74
1.912158151423533e+74
1.672106876912961e+74
1.4531898039528285e+74
1.256039626382339e+74
6.897879022602895e+73
2.5583952559335468e+73
8.9069479103185e+72
2.971462806449613e+72
9.600275978172035e+71
3.023290113984887e+71
9.3093262120662e+70
2.8094893993383343e+70
8.316101369141186e+69
2.4127914947694426e+69
6.855719296517769e+68
1.902338538120986e+68
5.133934411842616e+67
1.3382108164407027e+67
3.330375238846151e+66
7.756669208926059e+65
1.6214349216979308e+65
2.712710971595607e+64
1.8438546728939995e+63
-1.1833598912602671e+63
-7.9337127241800825e+62
-3.308587295376294e+62
-1.1046919952767548e+62
-2.9717245318294164e+61
-5.2010978291536396e+60
5.960962063450836e+59
1.2225751080477485e+60
8.287739804225384e+59
4.421226720411346e+59
2.1097754218761757e+59
