4.042694456869266e+71
4.0522991636474003e+73
1.3807450736997167e+74
2.5772936423365873e+74
3.728021105301799e+74
4.692635601917173e+74
5.41540698469794e+74
5.889546877585489e+74
6.136556831249153e+74
6.188078960899497e+74
6.082139424743596e+74
5.855171867261543e+74
5.542278379973003e+74
5.171451721277817e+74
4.767771809830493e+74
4.3500734574994914e+74
3.933893075983489e+74
3.5295564878921223e+74
3.1453391260323143e+74
2.7858584242441577e+74
1.670921031892723e+74
6.98220067630069e+73
2.705208801666345e+73
9.962142628600339e+72
3.534968951381483e+72
1.2183019028476165e+72
4.0980525434860667e+71
1.3491535686703534e+71
4.352301009939603e+70
1.3762804916744836e+70
4.262058330262385e+69
1.289710153365899e+69
3.800824556861242e+68
1.0845798529670954e+68
2.966955326637307e+67
7.653312886568814e+66
1.8000907538206685e+66
3.559134775228321e+65
4.207878245193987e+64
-8.820867139902055e+63
-9.265137617341116e+63
-4.6136562987557474e+63
-1.7960050715519783e+63
-5.800740793504068e+62
-1.4413759083625307e+62
-1.4365328980505623e+61
1.3347117856541106e+61
1.3214293234342356e+61
8.394728035879809e+60
4.540810502627843e+60
