8.831268506630552e+70
1.46821983689265e+73
6.500523764565219e+73
1.4538829791411194e+74
2.4122960602140517e+74
3.383462432112155e+74
4.263549089479938e+74
4.989416289550744e+74
5.532858463472401e+74
5.890201342417147e+74
6.072973303010065e+74
6.103818290692438e+74
6.008198292922417e+74
5.811778635750336e+74
5.54013481326459e+74
5.214654162757112e+74
4.855326828150186e+74
4.4787745281164686e+74
4.096924961289257e+74
3.718965634456526e+74
2.424739318023055e+74
1.1189065251667395e+74
4.670337916170717e+73
1.820738169528571e+73
6.757006008696933e+72
2.4162394021085237e+72
8.390505841644964e+71
2.8451882351645027e+71
9.458473598677983e+70
3.090009004312496e+70
9.939544925510261e+69
3.151153956367278e+69
9.85133906159921e+68
3.037500121623983e+68
9.228213130332359e+67
2.761315126143929e+67
8.120006549213323e+66
2.3398560918893734e+66
6.579573878420301e+65
1.7949666519369481e+65
4.6963431719085613e+64
1.1576648251794072e+64
2.5834348312438386e+63
4.723955240538622e+62
4.1844341985714e+61
-1.9312309604120514e+61
-1.5533365773797564e+61
-7.45820436105051e+60
-2.9719399363562384e+60
-1.0519126699498755e+60
