6.381778917827624e+70
1.0494135114275033e+73
4.594224445523685e+73
1.0148273954342823e+74
1.661910642088161e+74
2.29986641476134e+74
2.859174674790402e+74
3.301465913193421e+74
3.6122282031090507e+74
3.794474765022327e+74
3.860816793893794e+74
3.829512038865126e+74
3.7196403763334624e+74
3.550439730442849e+74
3.3397738720061945e+74
3.1025548102262423e+74
2.8505325589369286e+74
2.59435724355015e+74
2.3410544278177565e+74
2.0973766911183208e+74
1.2986595256346351e+74
5.53863782969282e+73
2.1370938783733646e+73
7.702921496794787e+72
2.643739799231534e+72
8.745906254434857e+71
2.8104964350179843e+71
8.826150391671092e+70
2.7183312203984926e+70
8.234747056702112e+69
2.4579753990423986e+69
7.23822061729449e+68
2.1047288012441923e+68
6.045790703558093e+67
1.714278102497442e+67
4.79798105535376e+66
1.3240877870112908e+66
3.596131948718535e+65
9.587371250675237e+64
2.4997082983582418e+64
6.333458668080934e+63
1.5454107187428552e+63
3.571500046769762e+62
7.571315649960891e+61
1.360304585785123e+61
1.4921443099152038e+60
-2.660567721323409e+59
-2.6963574765383905e+59
-1.284722859941292e+59
-4.935868059874693e+58
