1.2694413549025422e+71
2.0700134642872812e+73
9.098172671261394e+73
2.0288246663163416e+74
3.3624710378189495e+74
4.71621376404749e+74
5.945849653095761e+74
6.965053357542223e+74
7.734911004402827e+74
8.248930123756432e+74
8.523873353004472e+74
8.590843902057788e+74
8.480590002696037e+74
8.228881848191601e+74
7.869713937511036e+74
7.434064519913647e+74
6.947727632455371e+74
6.431545432378569e+74
5.905032502077845e+74
5.382321252527845e+74
3.564923600526205e+74
1.687118385581771e+74
7.234837000796154e+73
2.9016444132708415e+73
1.1090589930403211e+73
4.087168736375521e+72
1.4636310719786322e+72
5.118317307442696e+71
1.7546119701669463e+71
5.907933669847997e+70
1.956688009986174e+70
6.37869048886927e+69
2.046800327862008e+69
6.459635788227335e+68
2.0024005456889363e+68
6.081301256708445e+67
1.8026884335350043e+67
5.186948524393242e+66
1.435274391236868e+66
3.75537381895453e+65
9.001797492998322e+64
1.8257227618304663e+64
2.2801804941061378e+63
-4.321708845913895e+62
-5.004220567731889e+62
-2.650307280488152e+62
-1.1214543500498326e+62
-4.1302702994899246e+61
-1.3400270546094003e+61
-3.643157989491385e+60
