7.120894276584244e+70
1.1761774508230096e+73
5.1747726541077664e+73
1.1494704726963566e+74
1.8927325845119444e+74
2.634909915075654e+74
3.295366006495686e+74
3.826999557329598e+74
4.2133579089954887e+74
4.4518106459747514e+74
4.556593167400493e+74
4.546543919900744e+74
4.4429212779878276e+74
4.2667756906548957e+74
4.037652020674584e+74
3.7732429695627894e+74
3.4886243898267766e+74
3.1946266618930466e+74
2.9008182743707116e+74
2.614709934306802e+74
1.658886723275403e+74
7.349347308584176e+73
2.948044132468912e+73
1.105401575976719e+73
3.948476637372752e+72
1.3597985671433573e+72
4.550578323964985e+71
1.4876765824486418e+71
4.771510741496498e+70
1.504737819846543e+70
4.675729405715087e+69
1.433003077111008e+69
4.335533055231261e+68
1.2949087535095357e+68
3.818665806123483e+67
1.1106162165029473e+67
3.182516296797734e+66
8.967276350830196e+65
2.476954168320377e+65
6.680241980457947e+64
1.7461866489514104e+64
4.378023881640848e+63
1.031948972135182e+63
2.1958225418229623e+62
3.768084756149329e+61
2.7077152714353228e+60
-1.731600871566151e+60
-1.2427614830026304e+60
-5.672822692795181e+59
-2.1734377654419003e+59
