5.259633279912502e+71
2.3938756599472893e+73
6.074962018114491e+73
9.398392098551695e+73
1.1685366964110998e+74
1.2844572139036924e+74
1.3044364110958942e+74
1.2525052211951646e+74
1.1537206415475476e+74
1.0289061066887886e+74
8.943368208485625e+73
7.613329078081534e+73
6.371991430857936e+73
5.259106320974187e+73
4.290970605617843e+73
3.468094779592833e+73
2.7809629587983873e+73
2.215789112944922e+73
1.756323220666093e+73
1.3860324046766233e+73
5.43256791050771e+72
1.2516185087524038e+72
2.7949994446884367e+71
6.090176048830956e+70
1.2974589497877506e+70
2.707232283273986e+69
5.540462267993024e+68
1.1130701090113754e+68
2.1957738739224485e+67
4.251396579285428e+66
8.067137135487394e+65
1.4964962701242058e+65
2.7034089504617263e+64
4.725369141149395e+63
7.914758938681085e+62
1.2483964560029175e+62
1.7918074171943424e+61
2.1522540155274656e+60
1.5224086678125975e+59
-2.0428322518357328e+58
-1.2525437310475434e+58
-3.65973217479546e+57
-8.09882901781805e+56
-1.355965223715836e+56
-1.0824979657066175e+55
3.957839350118762e+54
2.741966999502999e+54
1.1201370982492638e+54
3.834985392125565e+53
1.1961730113688002e+53
