9.440240079821723e+69
9.904084248630865e+71
2.8401867177777546e+72
4.217375066168812e+72
4.7220025117524285e+72
4.5306750669362796e+72
3.948219342060562e+72
3.2207296825646216e+72
2.505950576741857e+72
1.8816013252433785e+72
1.3729007375241317e+72
9.787260455241569e+71
6.84571391241546e+71
4.709092144343235e+71
3.1937782882178233e+71
2.1386532824600704e+71
1.4163425823005096e+71
9.284838375743115e+70
6.033829257863383e+70
3.887153272551702e+70
6.734857231979859e+69
4.03664559613797e+68
2.1306660404962466e+67
1.035937620882998e+66
4.7564772000037054e+64
2.0959785796923223e+63
8.944382180897747e+61
3.7234599016129234e+60
1.5184040445692265e+59
6.082187876438841e+57
2.400573634845913e+56
9.345384374765744e+54
3.5952259593006326e+53
1.368021481032145e+52
5.151565416326261e+50
1.919666433271216e+49
7.08575244657139e+47
2.5872305473797405e+46
9.342407497606595e+44
3.3319428178870245e+43
1.1717072394078035e+42
4.051977485296595e+40
1.3725623837289836e+39
4.531796006863334e+37
1.444430040980703e+36
4.381222649662465e+34
1.2301008292025827e+33
2.9913635396226223e+31
4.972529520552284e+29
-4.7040236396699345e+27
