4.853758371619329e+71
3.67938319423276e+73
1.0709663420446146e+74
1.8132918839181e+74
2.443460758379896e+74
2.9033872372016315e+74
3.186647254543782e+74
3.3109454339407254e+74
3.304180629855983e+74
3.1972940539261815e+74
3.019228677968377e+74
2.7955402274469576e+74
2.5472227993657494e+74
2.289431843824919e+74
2.0350198692153787e+74
1.7914706491609925e+74
1.5641943042159506e+74
1.356323984073439e+74
1.1689372938351033e+74
1.0021986554554654e+74
5.341153499314927e+73
1.9001696987726804e+73
6.365274484271091e+72
2.0469707019153376e+72
6.381838822861267e+71
1.9405253217541026e+71
5.773590468038214e+70
1.68362856267561e+70
4.8151020463895945e+69
1.3501820081303085e+69
3.705685557708663e+68
9.932198094924633e+67
2.5867145336587346e+67
6.500811659575143e+66
1.558394943015526e+66
3.484539499355091e+65
6.944419877199028e+64
1.08314088284243e+64
5.210222119323325e+62
-5.444561882719362e+62
-3.25187750340086e+62
-1.2723915302424288e+62
-4.0063795980378384e+61
-9.980350622312465e+60
-1.4377485346174655e+60
3.7156351590125977e+59
4.719438411151142e+59
2.916239367275709e+59
1.4718402667970947e+59
6.715467607097522e+58
