2.0684312213758572e+70
2.7749413800399372e+72
1.0185253694258543e+73
1.9009056370481692e+73
2.641320807896897e+73
3.117337956000803e+73
3.317495408091865e+73
3.2899946240792216e+73
3.099579230403785e+73
2.8099046161402173e+73
2.4715780674162747e+73
2.1211466219004606e+73
1.7839117818138886e+73
1.4748619735813624e+73
1.2015798667887e+73
9.671058531429864e+72
7.693297251492763e+72
6.0607094500572425e+72
4.7319705919661544e+72
3.665527182565857e+72
1.2918995782682112e+72
2.306859841250037e+71
3.668529183286317e+70
5.400369955337776e+69
7.525337456362676e+68
1.006943327266263e+68
1.306321135303876e+67
1.6537353686313448e+66
2.050652561947592e+65
2.5000208648914565e+64
3.0020105067705935e+63
3.5600915842979372e+62
4.1709355216898296e+61
4.8317430875958745e+60
5.540411103429809e+59
6.286430375730322e+58
7.056976154012932e+57
7.834021456726172e+56
8.589838284937244e+55
9.288986348926385e+54
9.891462541485609e+53
1.032311421771161e+53
1.05147782770458e+52
1.0372788403158163e+51
9.78737846972587e+49
8.621721522256278e+48
6.746238510695158e+47
4.012167047903412e+46
2.843352923749537e+44
-4.53136844019112e+44
