1.7514812452006512e+71
2.698932706520472e+73
1.1501532630258448e+74
2.507783872762247e+74
4.0826033010929074e+74
5.643764109318029e+74
7.031291968329776e+74
8.156806486783356e+74
8.985679525734717e+74
9.520741019225633e+74
9.786223552580482e+74
9.818058606652037e+74
9.655673284720515e+74
9.341157801183695e+74
8.911994764367968e+74
8.401257884934506e+74
7.838194684540526e+74
7.247724849270455e+74
6.647838997642404e+74
6.054509610876352e+74
4.0090550082272085e+74
1.9074592943589339e+74
8.266505508130152e+73
3.3640026187380096e+73
1.308376527047353e+73
4.916477049774444e+72
1.7972711691207485e+72
6.422311128612319e+71
2.249011815941974e+71
7.734843041406964e+70
2.614251668750968e+70
8.6844253571974e+69
2.8338577631114586e+69
9.067543689329694e+68
2.83832290905123e+68
8.650277046153376e+67
2.5514747234417885e+67
7.199529262436201e+66
1.905746152718418e+66
4.542830682578977e+65
8.716853658674173e+64
7.02829759299844e+63
-4.881426852923553e+63
-3.8654912077435385e+63
-1.9180886431511947e+63
-7.860521372726619e+62
-2.798008622508066e+62
-8.472207113246723e+61
-1.875219271463281e+61
-1.9609787851422317e+59
