3.5923411975815807e+71
3.955932359741165e+73
1.4225251789300275e+74
2.750443521799625e+74
4.0818764074838e+74
5.241121625266698e+74
6.147948301304243e+74
6.781266686428482e+74
7.154477047014525e+74
7.298067078375758e+74
7.250394422519222e+74
7.052416146712133e+74
6.740420183151555e+74
6.348631105841468e+74
5.90642010638068e+74
5.436191327741319e+74
4.957751003523284e+74
4.485685805432418e+74
4.02930214920788e+74
3.5963914075679026e+74
2.2187107018262862e+74
9.629027177781986e+73
3.8581974623209564e+73
1.4655056732950485e+73
5.3530667318148815e+72
1.897340393068733e+72
6.557943460863107e+71
2.21793502288328e+71
7.351714018397262e+70
2.3889685044497867e+70
7.607334406921474e+69
2.3695542222294333e+69
7.200997613324109e+68
2.1238712737924858e+68
6.029247346792818e+67
1.625266263761832e+67
4.056455169873906e+66
8.841011143744233e+65
1.3927205232668434e+65
-2.9311010128736725e+63
-1.5752432479555163e+64
-9.260439590879049e+63
-3.979516490433639e+63
-1.4195042569680149e+63
-4.1418535389345515e+62
-7.981773473167325e+61
9.12209849277276e+60
2.168009277455772e+61
1.620954981016029e+61
9.521492904776803e+60
