4.654711611162655e+71
3.906571768552756e+73
1.1946028729825204e+74
2.0842065747968374e+74
2.872021290367553e+74
3.478173935629301e+74
3.8839481330926363e+74
4.1014764934132595e+74
4.157999237047192e+74
4.0862844256747263e+74
3.9182719131552876e+74
3.683038532523961e+74
3.4058354345555706e+74
3.1067679368836144e+74
2.8015784475533933e+74
2.5018410373627016e+74
2.2152818789705959e+74
1.9473924394197905e+74
1.701055482261424e+74
1.4776682896565723e+74
8.26341766450321e+73
3.141103129595365e+73
1.1180324707714692e+73
3.806916908467568e+72
1.2540658362718094e+72
4.0232475371850133e+71
1.261911398807324e+71
3.877169439236498e+70
1.1678767774543557e+70
3.448302210115787e+69
9.965955369122432e+68
2.8122326786677902e+68
7.714989419819077e+67
2.0437839218478786e+67
5.1661910083086946e+66
1.2206966521387364e+66
2.5815053517305056e+65
4.32851148615956e+64
2.671219268974795e+63
-2.1371652415341036e+63
-1.4078525641225205e+63
-5.914975733203249e+62
-1.999503066235971e+62
-5.446632614775472e+61
-9.56311167511794e+60
1.2027201878978435e+60
2.3908381243697306e+60
1.639665117668887e+60
8.885372124197113e+59
4.306636638665847e+59
