1.1142787173172903e+71
1.8388505306849462e+73
8.130278889658736e+73
1.8198541833101466e+74
3.0247079727912945e+74
4.250670790751673e+74
5.367889855899285e+74
6.295198162724956e+74
6.996002465507895e+74
7.465795951984524e+74
7.717222454737302e+74
7.77664728126872e+74
7.675618962183119e+74
7.44601764002546e+74
7.118725308320112e+74
6.720723578927352e+74
6.276817276768397e+74
5.806929438236521e+74
5.327648179778135e+74
4.851963793553911e+74
3.201039847250026e+74
1.5040697797988684e+74
6.39534950675627e+73
2.5403024764960348e+73
9.611226374600226e+72
3.503505940291995e+72
1.2409848670244025e+72
4.291996034098311e+71
1.454776050214389e+71
4.84556180732691e+70
1.5875255721976942e+70
5.123743059972849e+69
1.628880893423829e+69
5.097322456825254e+68
1.5689562221674155e+68
4.74306749117053e+67
1.403189457552474e+67
4.045644131704039e+66
1.1290174670833754e+66
3.014369440541444e+65
7.549095368934836e+64
1.6971943265556696e+64
3.032596398650205e+63
1.9514636877799786e+62
-1.7894948198072385e+62
-1.2859331932702362e+62
-6.067637890593893e+61
-2.4040611082439076e+61
-8.416722206757097e+60
-2.6025459024679436e+60
