9.873020247552351e+70
1.639507506968121e+73
7.26552160423658e+73
1.6279318479498598e+74
2.705775020980379e+74
3.8029936354247293e+74
4.801712176077801e+74
5.629992787015799e+74
6.255670394007833e+74
6.671437898372936e+74
6.893109880244061e+74
6.941174531352099e+74
6.845591975977069e+74
6.634900123623597e+74
6.337979641959144e+74
5.977723063238345e+74
5.577888565110808e+74
5.155055920885371e+74
4.724287551565368e+74
4.2979403166958685e+74
2.8238398622988677e+74
1.3183123877816012e+74
5.566761348877443e+73
2.195484289876366e+73
8.243492177962233e+72
2.98185690351148e+72
1.0476950233444076e+72
3.5945667127136853e+71
1.2087052050670125e+71
3.994004434755462e+70
1.2989574712551697e+70
4.1630453978629856e+69
1.314684358585923e+69
4.0921555150724655e+68
1.2541314144711785e+68
3.7787568360487755e+67
1.1172705953432606e+67
3.2293905624642564e+66
9.083568286974252e+65
2.4628339728953577e+65
6.350129942345349e+64
1.5152013487322928e+64
3.1436329668529753e+63
4.577566779859231e+62
-2.4356017301195556e+61
-5.909048342975805e+61
-3.337788603236542e+61
-1.4420662473690806e+61
-5.4070519261954905e+60
-1.8107707482610883e+60
