1.7988545059105868e+70
2.320512841785376e+72
8.210485294879408e+72
1.479238831845188e+73
1.9871604241825468e+73
2.2700857802709212e+73
2.339689831868411e+73
2.2501586041667927e+73
2.0567382351857873e+73
1.8098740500487426e+73
1.545282028495361e+73
1.2877487522961277e+73
1.0519830058169162e+73
8.448525861288552e+72
6.687883358155287e+72
5.226060067006263e+72
4.038630443328074e+72
3.0896689138262795e+72
2.3431277130821428e+72
1.7624640071561452e+72
5.545907658164506e+71
8.317342725174812e+70
1.1087363370703863e+70
1.3658460959679072e+69
1.591996596998238e+68
1.781960517072797e+67
1.932696221625171e+66
2.0450695672754645e+65
2.1203770779042805e+64
2.1600933074305036e+63
2.1688821137486535e+62
2.1485759040421235e+61
2.1041976484180683e+60
2.0377815253518116e+59
1.9530515062240984e+58
1.8526590228303273e+57
1.7389293954733962e+56
1.614738305172777e+55
1.4811902651961495e+54
1.3407141248071001e+53
1.194485899588048e+52
1.0444218895236796e+51
8.922483285168219e+49
7.394634384219466e+48
5.869831829363441e+47
4.3747233555281025e+46
2.9263617967607464e+45
1.5479954246747115e+44
2.6484697073037655e+42
-8.9729166413517e+41
