5.1974922436231303e+70
8.392907040330497e+72
3.617318694066663e+73
7.865462722167164e+73
1.2672865681200634e+74
1.7260004721876377e+74
2.111877854550047e+74
2.400042388703994e+74
2.5853495167247775e+74
2.674268383182378e+74
2.6786678907119927e+74
2.616224648655858e+74
2.502094156937453e+74
2.3521880040840075e+74
2.178317803985529e+74
1.9921864438077444e+74
1.8018581739150154e+74
1.614524932512969e+74
1.4338260033028023e+74
1.264255597435142e+74
7.35674719735264e+73
2.848456197770012e+73
9.950507850976002e+72
3.2411731226012035e+72
1.004110316038312e+72
2.995841006399906e+71
8.679257813442633e+70
2.455932042242932e+70
6.815531945465825e+69
1.8599211928467668e+69
5.0009976249737e+68
1.3270896871769803e+68
3.478033723190987e+67
9.006050666759847e+66
2.304321449482113e+66
5.823263091044511e+65
1.452660266664447e+65
3.5705172675455566e+64
8.630016642947968e+63
2.0455463551733513e+63
4.730704006126908e+62
1.059666770617555e+62
2.2734341613937627e+61
4.567415243068331e+60
8.216698336823816e+59
1.1585533069199105e+59
4.5693700159945065e+57
-5.278394351128541e+57
-2.944334643398886e+57
-1.125602977784843e+57
