2.703157191727442e+69
1.118782938725752e+71
1.3362488061753144e+71
8.640407375093984e+70
4.3634302318002915e+70
1.937127863910017e+70
7.952751026005194e+69
3.097997289413768e+69
1.1615522779772663e+69
4.2279539299981185e+68
1.5016258629500002e+68
5.2296966750054e+67
1.78998221251388e+67
6.039800227593136e+66
2.0112054361671098e+66
6.623600069378922e+65
2.157274304690075e+65
6.971850382949858e+64
2.233435598703656e+64
7.096597125477775e+63
8.187359532747013e+61
7.993740005209254e+58
6.772372416316587e+55
5.251285001092259e+52
3.833748442781629e+49
2.6766662208801684e+46
1.8049518066642183e+43
1.183287598484566e+40
7.573380268104209e+36
4.7543163964778986e+33
2.929609512807902e+30
1.7787355359650299e+27
1.0660362709759435e+24
6.299316868018114e+20
3.684811675607364e+17
213084759039396.2
121985885625.89114
69093392.83405632
38721.7664442374
21.43673863720989
0.011719716769788068
6.3097675497919835e-06
3.336473071035672e-09
1.7250458154633531e-12
8.653869545065835e-16
4.166780241401007e-19
1.883729729976858e-22
7.674107603208971e-26
2.49745788871166e-29
3.0244055404967927e-33
