2.70649894685301e+71
3.540749881064978e+73
1.3886788724847414e+74
2.8513192536310367e+74
4.427423771055359e+74
5.890069395780791e+74
7.110786747280293e+74
8.036603445616266e+74
8.65718439748418e+74
8.997706437962201e+74
9.092698285227472e+74
8.984407554470437e+74
8.714214334040675e+74
8.323321575421831e+74
7.847861084057604e+74
7.316424851320479e+74
6.754637535746742e+74
6.183639584040728e+74
5.618829472366083e+74
5.070368306832813e+74
3.254586963815573e+74
1.4887425143435932e+74
6.247446790680131e+73
2.4738231233560064e+73
9.395098770155335e+72
3.4548224433845854e+72
1.2373906538407317e+72
4.3338785282226555e+71
1.487517818642088e+71
5.010028560814107e+70
1.655258280319582e+70
5.361546579938256e+69
1.6991512705604746e+69
5.252611994413749e+68
1.575321161530829e+68
4.54549223261003e+67
1.24331767974326e+67
3.1345218207210203e+66
6.830213381368709e+65
1.0237249336308438e+65
-7.358530022145933e+63
-1.542670173571398e+64
-8.856754072772675e+63
-3.850008950777147e+63
-1.4113746239093879e+63
-4.324723543932792e+62
-9.474739975174947e+61
1.0384160629372973e+60
1.8229267051433008e+61
1.5026805201195177e+61
