4.301223040371948e+71
1.4870662672676076e+73
3.700614794848523e+73
5.493458968084113e+73
6.48176764688626e+73
6.719950685587303e+73
6.40525855406521e+73
5.752408827337177e+73
4.9366843266397126e+73
4.0888643347111506e+73
3.290209297649695e+73
2.585306627431843e+73
1.9910055627650012e+73
1.5079886725863006e+73
1.1259723838653353e+73
8.305907303594577e+72
6.065646919588136e+72
4.3920364689646066e+72
3.1578691692245722e+72
2.256759399748536e+72
5.997314673103308e+71
7.702182913834293e+70
9.980489882007197e+69
1.321130386392721e+69
1.767568746272187e+68
2.3621738696023895e+67
3.128642723150248e+66
4.090621964821111e+65
5.267682248357929e+64
6.673312859908484e+63
8.304399608222e+62
1.0129261095473753e+62
1.2072455467591136e+61
1.3998643535591278e+60
1.5678221265733063e+59
1.677416294918925e+58
1.6801338461102326e+57
1.5134727756791357e+56
1.1025477082845182e+55
3.731500132333351e+53
-7.205813962363044e+52
-2.1419416293380106e+52
-3.657185634262442e+51
-4.64078945377267e+50
-3.712117880145686e+49
1.863880461272641e+48
1.7208078166548835e+48
5.154540121191665e+47
1.2096969923582035e+47
2.5310917967966056e+46
