2.3516538343459893e+70
3.2793835338787627e+72
1.2433314710442243e+73
2.3928850605261578e+73
3.4250730721086495e+73
4.158856874364123e+73
4.550548463482888e+73
4.6359439286502345e+73
4.485567832595767e+73
4.1743862172682515e+73
3.766000566768621e+73
3.315836362489874e+73
2.860503633140753e+73
2.425574707444165e+73
2.0271212994349738e+73
1.672312831266378e+73
1.3647874205761141e+73
1.102723815249626e+73
8.829283516248815e+72
7.014447062780203e+72
2.726498242936339e+72
5.656718077626949e+71
1.0472033822006675e+71
1.795038310172502e+70
2.9147069632005753e+69
4.545466043076391e+68
6.872927392794828e+67
1.014209109107691e+67
1.4661865217791019e+66
2.0835515893809294e+65
2.917412537339293e+64
4.033252038337106e+63
5.509095236862974e+62
7.441846911990827e+61
9.948133308155368e+60
1.3153374884617184e+60
1.721064464616087e+59
2.226090601274508e+58
2.842659599358662e+57
3.579353207260189e+56
4.432588227668337e+55
5.378466239929955e+54
6.361464577094675e+53
7.268394146956362e+52
7.921233063438302e+51
8.003250510331538e+50
7.052655616347941e+49
4.406999737562373e+48
-8.822802477123904e+46
-1.0029026050989504e+47
