3.9262672115645984e+71
4.0343692854247495e+73
1.3950119337262217e+74
2.6289044016327354e+74
3.829405405516102e+74
4.846958662705392e+74
5.618781012008404e+74
6.134693798133593e+74
6.414409039860025e+74
6.489126219260755e+74
6.397604365653717e+74
6.177886452986783e+74
5.864223535672076e+74
5.486970284885712e+74
5.07174961649939e+74
4.639858659854617e+74
4.2059582501340726e+74
3.783270015479238e+74
3.379196475272359e+74
2.9999863394036234e+74
1.8144674406246687e+74
7.66817897739694e+73
3.000990672852758e+73
1.1155530170197432e+73
3.993577496305473e+72
1.3883320922266713e+72
4.708979109545168e+71
1.5634201794319042e+71
5.0856220982947715e+70
1.6215942223989844e+70
5.065218327850375e+69
1.5465148972154579e+69
4.601233309993489e+68
1.3260310114532913e+68
3.668391900612966e+67
9.590935277275551e+66
2.2965409904385223e+66
4.676474840687497e+65
6.086350960550939e+64
-8.638170777616854e+63
-1.1077274296896388e+64
-5.743586794470461e+63
-2.296304947226442e+63
-7.637194777087085e+62
-1.9963412258266684e+62
-2.5990002064879526e+61
1.391148481724588e+61
1.5785204748086806e+61
1.0413696965329083e+61
5.7560290819401316e+60
