5.270115049551358e+71
2.780309867233214e+73
7.23153845045739e+73
1.1416996824407772e+74
1.4496881225819554e+74
1.6290663425235957e+74
1.692658900407555e+74
1.6651441986563407e+74
1.5725660116304429e+74
1.4393345245239652e+74
1.2846551602224088e+74
1.1241447197573966e+74
9.67524425432118e+73
8.215477933736774e+73
6.899617803553471e+73
5.740586547719026e+73
4.7394380593049616e+73
3.888511253880373e+73
3.1728977388938255e+73
2.5776824533162375e+73
1.1265603635189382e+73
3.032330445014454e+72
7.835284972124236e+71
1.964777020290321e+71
4.805283480586981e+70
1.1499283593186708e+70
2.698218659256148e+69
6.215491442438223e+68
1.4054899921587692e+68
3.1188187377310653e+67
6.781813641619829e+66
1.4408063420004097e+66
2.9783084827181347e+65
5.948865033795213e+64
1.1354067413827274e+64
2.0299390959574704e+63
3.2659571226410096e+62
4.248815785209281e+61
2.5150143416107894e+60
-9.382265358257145e+59
-5.017578411577796e+59
-1.5910905831699932e+59
-3.934015000447772e+58
-7.396839532375254e+57
-6.262624480356385e+56
3.1043024810006864e+56
2.360308490012967e+56
1.0960846072687335e+56
4.2901630829247e+55
1.5344626609653253e+55
