3.7426287672251633e+70
5.8273745924112526e+72
2.4193128256308568e+73
5.071587074209293e+73
7.881539570864018e+73
1.0355958151628727e+74
1.223708144782921e+74
1.3438966725543043e+74
1.399611302358144e+74
1.3999441946807647e+74
1.356788912060911e+74
1.2824648299379888e+74
1.1870538131193808e+74
1.0799030593354342e+74
9.681477544283857e+73
8.567410739644253e+73
7.499987699132418e+73
6.500369413581444e+73
5.587915550194103e+73
4.764630491846253e+73
2.4367202857909702e+73
7.721577682524553e+72
2.1984719400907536e+72
5.820463397112748e+71
1.462496002670674e+71
3.535051438047428e+70
8.291423228429835e+69
1.898065167517713e+69
4.2598597713902017e+68
9.400039246062733e+67
2.0438229527168244e+67
4.385206534372153e+66
9.294574898938175e+65
1.9482655827816886e+65
4.035995529498356e+64
8.266623876306322e+63
1.672757550026902e+63
3.3416387252561126e+62
6.577191879953713e+61
1.2728715228162437e+61
2.4136519084111393e+60
4.461975282845376e+59
7.978060410452352e+58
1.3606156942154473e+58
2.160261407537982e+57
3.0175070052480384e+56
3.1003536703901133e+55
-2.3197657117654935e+53
-1.4088943350031896e+54
-5.586945622651977e+53
