8.778861206528573e+66
8.846414807198908e+69
1.080873952554066e+72
2.663515796132827e+72
4.2280658457791826e+72
5.554962347502615e+72
6.548920235947893e+72
7.194378448744694e+72
7.519308123788132e+72
7.572283000929319e+72
7.409009932859288e+72
7.084164153001885e+72
6.646900270403343e+72
6.139570422080929e+72
5.595306093960901e+72
5.041428095210895e+72
4.4975662580758034e+72
3.977274899397786e+72
3.4901838983009894e+72
3.042495717115385e+72
1.705650907339541e+72
6.340194274980347e+71
2.1594118200684999e+71
6.9453274788951e+70
2.1455199791632466e+70
6.434138460864697e+69
1.8872176446979496e+69
5.4384355078512655e+68
1.5452560879981403e+68
4.3403109358836013e+67
1.2074493401744738e+67
3.3320762386435086e+66
9.132404212576717e+65
2.4877607311347154e+65
6.743502650913154e+64
1.819555427073483e+64
4.889761739631237e+63
1.309440684401881e+63
3.4953004380322263e+62
9.303197025828153e+61
2.4698893670928575e+61
6.541643886924742e+60
1.7288376297689594e+60
4.560162386082064e+59
1.2007519632292071e+59
3.156298723104542e+58
8.284004767597507e+57
2.171101225616633e+57
5.682255039702432e+56
1.4855420773440658e+56
