0.0
2.1045436322433646e+71
2.5770855899123437e+72
5.552889782656364e+72
8.384645875769621e+72
1.0811701618183504e+73
1.2713659336566492e+73
1.4068950705161079e+73
1.491170826951654e+73
1.530388599306176e+73
1.5319185870734714e+73
1.503144957049302e+73
1.4510255594756876e+73
1.3817684377840497e+73
1.3007240268664018e+73
1.2123343552335696e+73
1.1202236924407557e+73
1.027283844106e+73
9.357417607898055e+72
8.472039678045578e+72
5.525338103292388e+72
2.6075625687642595e+72
1.132544750979917e+72
4.648934573492514e+71
1.832530359819441e+71
7.008590458587552e+70
2.6184755175720315e+70
9.602735198652303e+69
3.4686302456080725e+69
1.2373219978908909e+69
4.367301429819472e+68
1.527686441418035e+68
5.302142764845356e+67
1.8275922380372653e+67
6.262313786177173e+66
2.1343950347297806e+66
7.239786171995342e+65
2.4452499345090275e+65
8.226606104312091e+64
2.757834752829456e+64
9.216556362531028e+63
3.070869135072941e+63
1.0203719881371417e+63
3.3825291835945063e+62
1.1186463073641225e+62
3.6912577664005983e+61
1.2156775247012936e+61
3.9960020514356136e+60
1.3113313234478575e+60
4.295862942984905e+59
