1.0894593120034202e+67
1.447769911434588e+70
1.6795976018576676e+72
4.3620068186103904e+72
7.154682725913019e+72
9.710790059803471e+72
1.1842992187407889e+73
1.3477952404090623e+73
1.461222297283061e+73
1.5281692328645905e+73
1.554309822027229e+73
1.546160918241062e+73
1.5104252328441427e+73
1.4532861340926233e+73
1.3805212697286538e+73
1.2970262493719576e+73
1.2069178393699356e+73
1.1137227253017515e+73
1.0201207960869686e+73
9.282072705018699e+72
6.144094409829565e+72
2.942808572964082e+72
1.2913698211740381e+72
5.345580154223424e+71
2.1232670516666127e+71
8.181957492733629e+70
3.080594396607201e+70
1.1388883059288562e+70
4.1490451224609765e+69
1.4936975412960386e+69
5.323658475991966e+68
1.8815441025571695e+68
6.602739156896614e+67
2.3026785625526248e+67
7.987656584335981e+66
2.7575860561709667e+66
9.481460075646878e+65
3.247722475005897e+65
1.1088307837156259e+65
3.7745975833837855e+64
1.28144729996921e+64
4.339173391499312e+63
1.4665179449673987e+63
4.945579774566069e+62
1.6647577549509953e+62
5.594102778433992e+61
1.8769551019279152e+61
6.287716472383959e+60
2.1039651689248e+60
7.030513743868139e+59
