0.0
1.5722877823870112e+71
1.1743681224420925e+72
2.3581790486984982e+72
3.340829408950857e+72
4.028898574000735e+72
4.41359741550838e+72
4.5344045539356606e+72
4.449222198827774e+72
4.217834864068665e+72
3.8930122689778524e+72
3.5175405523315005e+72
3.1234898807949948e+72
2.733862901009442e+72
2.363900670026635e+72
2.0228337349963222e+72
1.7154381226591264e+72
1.4432743573240277e+72
1.2058414160792541e+72
1.0012247686969123e+72
4.676225916745829e+71
1.324789289589663e+71
3.439702945291657e+70
8.405905571827851e+69
1.9651603340418486e+69
4.442037414914247e+68
9.779408753727676e+67
2.107868697459891e+67
4.465599179676316e+66
9.325147134367405e+65
1.9238109610620008e+65
3.92796229430699e+64
7.948410893843037e+63
1.595901845417013e+63
3.182174508014846e+62
6.307169865803034e+61
1.2434771313747604e+61
2.4393727537279807e+60
4.765153238868351e+59
9.270567064564823e+58
1.7972620290457975e+58
3.472814356644973e+57
6.690338844799734e+56
1.2851870845470008e+56
2.4628621866282197e+55
4.7088337772225066e+54
8.982295506152422e+53
1.7096870101755346e+53
3.248775018763013e+52
6.161777920794992e+51
