9.316220520270539e+65
5.287306400680728e+68
2.938426730047628e+70
4.1472669284026854e+70
3.8179306094843925e+70
2.8786807350437067e+70
1.9313424998846815e+70
1.2008918950265376e+70
7.082278450543097e+69
4.018335524858207e+69
2.213950965505902e+69
1.1922297038878398e+69
6.304021847337204e+68
3.2839688510450755e+68
1.6898018105397684e+68
8.605917388489159e+67
4.344390611700609e+67
2.1765317920584854e+67
1.083391040007807e+67
5.361699977942023e+66
3.455360323230984e+65
4.935356156888465e+63
6.593410708569111e+61
8.434597467548188e+59
1.046729398772541e+58
1.270124543488989e+56
1.514446012581351e+54
1.7803846109541486e+52
2.068761186546477e+50
2.3801655300276538e+48
2.7152000082134296e+46
3.0745619199466376e+44
3.4592827339749375e+42
3.8697021734763295e+40
4.306941892335451e+38
4.7718194336561346e+36
5.265588963197731e+34
5.7884571626473415e+32
6.342554053761418e+30
6.930229253905905e+28
7.549897573733652e+26
8.205901662358566e+24
8.897864120201895e+22
9.628728566432053e+20
1.039877431819796e+19
1.1211577587986646e+17
1206792142065444.5
12969598820178.09
139203043727.05573
1492102692.5784085
