7.595191581616368e+66
2.924226087637271e+70
2.2734039400472905e+72
6.525359006597147e+72
1.104988448077828e+73
1.5369452261273387e+73
1.9175806814822196e+73
2.2315127627197685e+73
2.473682324508817e+73
2.6452754281021478e+73
2.7513906585469418e+73
2.799156575307371e+73
2.7970102942846055e+73
2.753077181495772e+73
2.6754689323000003e+73
2.57165116081504e+73
2.4484754310360062e+73
2.3117536016612418e+73
2.1665197283636757e+73
2.0170995078594443e+73
1.4578046359094503e+73
7.969128147710575e+72
3.983849974457433e+72
1.8749966363892233e+72
8.453194450035775e+71
3.691085919133091e+71
1.5725067376754889e+71
6.570633499833202e+70
2.7027239657353576e+70
1.097387697367474e+70
4.4076820248374905e+69
1.7541365184607855e+69
6.925950315035464e+68
2.7158671999964836e+68
1.0585335476122797e+68
4.1040115026247706e+67
1.583586855168327e+67
6.084645411060281e+66
2.3290835369048758e+66
8.884242713404332e+65
3.378289067546159e+65
1.280853873104654e+65
4.843932406502094e+64
1.8273650599344795e+64
6.878356671878437e+63
2.5838884845347997e+63
9.686781838984189e+62
3.625317842447303e+62
1.3544837032073073e+62
5.0528657216042904e+61
