5.571372181628629e+66
4.500983820304476e+69
4.948689371722055e+71
1.1197648718760742e+72
1.6518863027004642e+72
2.0111926189364965e+72
2.1893317529831114e+72
2.213724738826827e+72
2.1241724071709475e+72
1.959765684068395e+72
1.7537548113764926e+72
1.531585700954097e+72
1.3110907098434371e+72
1.1041451187102579e+72
9.16864247372129e+71
7.523259735489358e+71
6.11029463682782e+71
4.918473015997986e+71
3.9283892715154677e+71
3.1160638624801007e+71
1.2165624093910174e+71
2.617829363948205e+70
5.181613983030319e+69
9.714244713495049e+68
1.7541758086259595e+68
3.081838223376214e+67
5.303088161719552e+66
8.978157710835249e+65
1.500418971577215e+65
2.481236397577386e+64
4.067155808753014e+63
6.618578308436182e+62
1.0702236409865985e+62
1.7213192484832908e+61
2.755618731577871e+60
4.393021538099865e+59
6.979395268084066e+58
1.1052432969496811e+58
1.7453250959489235e+57
2.748977762430918e+56
4.3199308373181906e+55
6.774414068131487e+54
1.0605229762012176e+54
1.657096220878811e+53
2.5854929882669716e+52
4.028216288101713e+51
6.266891096258044e+50
9.740364649038836e+49
1.5119964332103657e+49
2.3445752837451594e+48
