7.347603458387657e+66
6.818655395312347e+69
8.188343114257543e+71
1.9604200360956417e+72
3.040653240789862e+72
3.900338801626213e+72
4.484119914665332e+72
4.798346461212134e+72
4.88063560792857e+72
4.779149179939215e+72
4.5452679447804135e+72
4.221536751062204e+72
3.845834244375474e+72
3.4478322409448265e+72
3.0490926540583795e+72
2.665239931612829e+72
2.3061588957751707e+72
1.9779153727552995e+72
1.6833294592690797e+72
1.4229097618000378e+72
7.086259539805931e+71
2.201228721604426e+71
6.271683214261278e+70
1.6892884012350525e+70
4.373948003536984e+69
1.1003747283581368e+69
2.708336739479451e+68
6.552584033296279e+67
1.5639766418751787e+67
3.691130937894934e+66
8.630518208614639e+65
2.002334137363779e+65
4.614441274434474e+64
1.057406998193539e+64
2.4108556640625757e+63
5.472776260814431e+62
1.2375810397040953e+62
2.7887903561328026e+61
6.2650722771928676e+60
1.4037931561631656e+60
3.1375455407020175e+59
6.996113012438475e+58
1.556870475769251e+58
3.458078415606565e+57
7.666727129801972e+56
1.697517679072974e+56
3.7522111631120685e+55
8.284125504494177e+54
1.826513786115189e+54
4.0225729477835e+53
