9.985309978130867e+66
1.1117972373595919e+70
1.3731942391352935e+72
3.4705338921452594e+72
5.607860426564155e+72
7.50274855764563e+72
9.015214184108485e+72
1.0102538559707735e+73
1.0778922081175579e+73
1.1088208740280205e+73
1.1089529355244894e+73
1.0842254246266778e+73
1.0406127422785268e+73
9.836374065514085e+72
9.176254233449315e+72
8.464635226681083e+72
7.732689641699893e+72
7.00374910815196e+72
6.2959514193766725e+72
5.621643345655697e+72
3.4591205812357825e+72
1.4817921895110273e+72
5.813908864345127e+71
2.1533432599156505e+71
7.654974478108437e+70
2.640916259116984e+70
8.904934472397892e+69
2.9492761599907447e+69
9.62763778990849e+68
3.1066818668615393e+68
9.926015482295675e+67
3.144969703914264e+67
9.898101477259583e+66
3.0958879272909397e+66
9.632410491097895e+65
2.982975604046565e+65
9.201321419017602e+64
2.827778978261515e+64
8.662702955619312e+63
2.6459680603090996e+63
8.061031308279373e+62
2.4499805138354453e+62
7.429825601686e+61
2.2487997700045202e+61
6.794091055114404e+60
2.0492069905721167e+60
6.171058895648965e+59
1.855833195398368e+59
5.573475697503442e+58
1.671750047458233e+58
