0.0
1.8263677758454258e+71
1.5558715364357113e+72
3.18011167013249e+72
4.604003923727125e+72
5.690276105976648e+72
6.403484804499939e+72
6.770502207743616e+72
6.846973495527416e+72
6.697525276021961e+72
6.384298360081324e+72
5.9613540367739445e+72
5.4734259578868876e+72
4.9552152418050265e+72
4.432933207265828e+72
3.925292319476315e+72
3.4449631456520205e+72
2.9998306950600224e+72
2.5940672155826007e+72
2.2293148796672396e+72
1.1880448792897515e+72
4.109062775698019e+71
1.302073590472087e+71
3.885036191389826e+70
1.1097628152107232e+70
3.0676234262405292e+69
8.265494601908931e+68
2.182391543743459e+68
5.667467934326982e+67
1.4518125988447594e+67
3.6762881819179954e+66
9.218125337356706e+65
2.291927308102111e+65
5.656782658331667e+64
1.3870072186008603e+64
3.3815929304178635e+63
8.20401272228823e+62
1.9809181015407919e+62
4.7632208326631696e+61
1.1412676646680744e+61
2.7247296409662897e+60
6.486059742273729e+59
1.5393563476684143e+59
3.6439196138711526e+58
8.604255844296234e+57
2.027333409586167e+57
4.766584159464466e+56
1.1184988350172575e+56
2.619511118219728e+55
6.125579265990099e+54
