5.2613791572714164e+66
3.842515824050117e+69
4.0492723347200607e+71
8.947617633794882e+71
1.2902212972857032e+72
1.5337305867481927e+72
1.6282876674977852e+72
1.6043309037101893e+72
1.4990108341366802e+72
1.3460118753488426e+72
1.1718765723489575e+72
9.953708762403445e+71
8.287300075011687e+71
6.785263918959563e+71
5.477790737601028e+71
4.3704679427798086e+71
3.4510870417057767e+71
2.7009415466787127e+71
2.0974836310492672e+71
1.617754218394389e+71
5.67416082467231e+70
1.0394317023668502e+70
1.7539104321693224e+69
2.8065251425238664e+68
4.328871387660866e+67
6.5005157056867586e+66
9.56516571664135e+65
1.3853999208595688e+65
1.9812807439936903e+64
2.8042949082816972e+63
3.935238428096383e+62
5.482636599471766e+61
7.591530061548716e+60
1.0456936371798866e+60
1.4337211923240765e+59
1.9580021828867184e+58
2.664457402185443e+57
3.6144070891915675e+56
4.8893288366072783e+55
6.597386122270938e+54
8.881835269866672e+53
1.193273296044664e+53
1.600254356979565e+52
2.1422893476006276e+51
2.863472278703682e+50
3.8218229487534647e+49
5.094278113025091e+48
6.781844764791445e+47
9.018175935583309e+46
1.197901369254238e+46
