7.091741387207309e+66
5.789873272219905e+69
7.000693275073099e+71
1.6502893733640822e+72
2.524616917945443e+72
3.1916656148570677e+72
3.61339472028326e+72
3.8051333223174295e+72
3.80668294291856e+72
3.66482731715904e+72
3.424789966366522e+72
3.124910306315579e+72
2.7962340875491258e+72
2.4616870026949697e+72
2.1375822414150976e+72
1.83419229777395e+72
1.5582623838999116e+72
1.3119989766810147e+72
1.0960659969762054e+72
9.09268687889035e+71
4.2168960211063477e+71
1.1760667111454121e+71
3.010615605529151e+70
7.288538509904572e+69
1.6972867623159997e+69
3.8416309934524833e+68
8.510381237930146e+67
1.8538040089716866e+67
3.983025282061023e+66
8.466858914006954e+65
1.7831538905180723e+65
3.7261295654541957e+64
7.736229772614874e+63
1.5969836396653263e+63
3.2805342341168655e+62
6.709553828119212e+61
1.3670864584190306e+61
2.7759372720669375e+60
5.6198990978122075e+59
1.1346276073023302e+59
2.2850890765643204e+58
4.591791233391615e+57
9.208900856623232e+56
1.843316999485913e+56
3.68368518542154e+55
7.3498681273664e+54
1.4643220666126833e+54
2.913515540246434e+53
5.790002937706262e+52
1.1493076255727281e+52
