0.0
1.739740188974196e+71
3.431468633523838e+72
8.180865304320943e+72
1.296861652534841e+73
1.7357871938428382e+73
2.1095024359940125e+73
2.4074493182374864e+73
2.6284366355494815e+73
2.7767283580610253e+73
2.859582304247261e+73
2.885769762418621e+73
2.864346984939501e+73
2.8041547163941763e+73
2.7133252356527036e+73
2.5993698916889928e+73
2.4685620455484726e+73
2.3265432054052125e+73
2.1779859629321838e+73
2.026701128785559e+73
1.468567935765939e+73
8.137909203834003e+72
4.1522989773979e+72
2.002188081706308e+72
9.266542559510802e+71
4.158466128478175e+71
1.821842315672408e+71
7.829702994167062e+70
3.3126799247660914e+70
1.3834137667696316e+70
5.714274837978349e+69
2.3381977531058256e+69
9.489917631383603e+68
3.8247324135486976e+68
1.5317250836319372e+68
6.101208339148897e+67
2.4180655511283844e+67
9.540535156608013e+66
3.749299607972237e+66
1.4680052878920314e+66
5.729690836827058e+65
2.229270937056885e+65
8.649006986992541e+64
3.347222996363999e+64
1.292280035803014e+64
4.9780739247907594e+63
1.9136994656279176e+63
7.342478475431399e+62
2.811885281414256e+62
1.0752121278350846e+62
