1.118414674294309e+67
2.034522498808931e+70
2.045610794244574e+72
5.682736275991427e+72
9.53979284039815e+72
1.3182467081868116e+73
1.6347272470256408e+73
1.8909601527886086e+73
2.0836728850901722e+73
2.2149308771652833e+73
2.2899912939237725e+73
2.3158690195183863e+73
2.3002105576917247e+73
2.2504069057365313e+73
2.1737636249136953e+73
2.076866870285742e+73
1.9654291628259014e+73
1.844409773629144e+73
1.7181063403511396e+73
1.5898377448204643e+73
1.122537498886233e+73
5.92392061389589e+72
2.859429482711939e+72
1.2999341756665008e+72
5.662668639080992e+71
2.3896173510159604e+71
9.841129493863192e+70
3.976913660409245e+70
1.582256624636104e+70
6.2151229805001645e+69
2.415446099777899e+69
9.30262128530536e+68
3.555087839705812e+68
1.3494340503751778e+68
5.0921655751456226e+67
1.9114805061610653e+67
7.141955980446944e+66
2.6575971993626877e+66
9.851845308556866e+65
3.639747934302253e+65
1.3405880612497512e+65
4.9234066209677386e+64
1.8035138801226673e+64
6.591860063906477e+63
2.4037171153524043e+63
8.747409762135243e+62
3.1773412033367227e+62
1.152041134861096e+62
4.1702729295819025e+61
1.507372649832159e+61
