0.0
1.9869754641463735e+71
1.879766951040505e+72
3.9013025419914566e+72
5.732602933816457e+72
7.19925200675343e+72
8.240994806521671e+72
8.871495354173272e+72
9.141541571030422e+72
9.116467407733345e+72
8.863897659621893e+72
8.445274560550949e+72
7.914119163945216e+72
7.314499951245252e+72
6.681543252265255e+72
6.041957183210455e+72
5.415808558661832e+72
4.817037707494036e+72
4.255272307610653e+72
3.735827340314649e+72
2.1622889368313425e+72
8.488614348550671e+71
3.057897253951792e+71
1.0387123782480508e+71
3.382471688824126e+70
1.0672806362570757e+70
3.2864130421980417e+69
9.925318625384166e+68
2.9508166951313786e+68
8.660506136419478e+67
2.5140448587974573e+67
7.230173125811652e+66
2.0631428265759975e+66
5.845305359854879e+65
1.6463531135667387e+65
4.611238922744231e+64
1.2851888605051855e+64
3.567440763128094e+63
9.86203959502208e+62
2.7168255775432283e+62
7.459876034844649e+61
2.0422381980718053e+61
5.575067036782048e+60
1.518540971330817e+60
4.125768698282573e+59
1.1185582647885544e+59
3.0266094473073164e+58
8.173252931417154e+57
2.2032722241974e+57
5.930112858775292e+56
