4.071817136432863e+65
2.1496844089747003e+68
5.050999196381538e+69
4.1817826915775036e+69
2.249572620730899e+69
9.925656644184158e+68
3.9179197592264057e+68
1.4432323140584155e+68
5.074740334492375e+67
1.7268648245436812e+67
5.735727786863115e+66
1.870223115533406e+66
6.009796004422154e+65
1.9087227030444778e+65
6.003992798934555e+64
1.8733766466768462e+64
5.805517165464177e+63
1.7886086691058452e+63
5.482126751122993e+62
1.6728442573202438e+62
1.699236319698785e+60
1.495114520129091e+57
1.2413090255869363e+54
9.898868432345278e+50
7.66069499325983e+47
5.792456731282879e+44
4.299110223056318e+41
3.143203218674909e+38
2.269420363874325e+35
1.6212457860592938e+32
1.147981059720973e+29
8.066413425836018e+25
5.6309659062362284e+22
3.908443474786984e+19
2.699058592892484e+16
18561723093041.36
12715525817.763176
8680597.050878275
5909.204312794039
4.01185066549529
0.002717398002137917
1.8365642364323468e-06
1.239256244200343e-09
8.347377590901669e-13
5.614622519668599e-16
3.7716652773474776e-19
2.5307327487700828e-22
1.6962202377046787e-25
1.1358049803893347e-28
7.600995316287376e-32
