0.0
2.1048564553568672e+71
2.3834299391597806e+72
5.076694435600788e+72
7.609404090103243e+72
9.746240302650056e+72
1.13852899323409e+73
1.2515849197236687e+73
1.3176782651203671e+73
1.3432403564084904e+73
1.3354622036301346e+73
1.3014703487831226e+73
1.2477492791579277e+73
1.1800641019311798e+73
1.1031938901510637e+73
1.0211033050967485e+73
9.369781905813831e+72
8.532543815307532e+72
7.717721184542834e+72
6.938662701133779e+72
4.403567434317346e+72
1.9926434687592786e+72
8.293141145746604e+71
3.2606731866045894e+71
1.2308730089218123e+71
4.5072232998766657e+70
1.6121770187458733e+70
5.660178114047586e+69
1.9574486097558916e+69
6.685045256756353e+68
2.2591573896271293e+68
7.566108083645375e+67
2.514372839409655e+67
8.298430510943529e+66
2.722743002612775e+66
8.886738217068152e+65
2.8866570603967905e+65
9.336968793932283e+64
3.008479485287862e+64
9.659354314010288e+63
3.0914969564107075e+63
9.865720128473497e+62
3.1394821684814357e+62
9.96820149112778e+61
3.157293291277329e+61
9.97923032884043e+60
3.1477721427009816e+60
9.910301896880818e+59
3.1152048439605134e+59
9.774367821237049e+58
