0.0
1.9017048281844555e+71
3.332703713365075e+72
7.680744841755992e+72
1.2002876308509628e+73
1.5906780839253778e+73
1.917544524248477e+73
2.1728454822739077e+73
2.3567717919522803e+73
2.4742295783896844e+73
2.532931813110222e+73
2.541373439893178e+73
2.5083539617071248e+73
2.441968987465328e+73
2.349995748630584e+73
2.2391520980880984e+73
2.1151217644362534e+73
1.982853918741008e+73
1.846469545981263e+73
1.7091959561850365e+73
1.2140687246923612e+73
6.530899288354307e+72
3.236542026873823e+72
1.5164732482109141e+72
6.82298240428026e+71
2.9774471152547065e+71
1.2687789845353772e+71
5.3048274209822534e+70
2.183795176651228e+70
8.87446783706814e+69
3.567204886362824e+69
1.420607329494856e+69
5.611726327128282e+68
2.201139170820542e+68
8.580966716345687e+67
3.326542488035128e+67
1.283143627325904e+67
4.928319954609217e+66
1.8851469000458707e+66
7.184648754776133e+65
2.7289496628306014e+65
1.0335092566463847e+65
3.902677187503264e+64
1.4699563570918104e+64
5.5235232636348704e+63
2.0709171778787123e+63
7.747712197495153e+62
2.8929535702130506e+62
1.0783610857481757e+62
4.0130679516566097e+61
