2.3900293715226395e+66
1.4042329465600783e+69
1.1362294497206807e+71
2.0928312499254188e+71
2.5116914828537603e+71
2.4676394660466736e+71
2.1535112843316314e+71
1.7379251858444504e+71
1.3270336855402966e+71
9.724173385509412e+70
6.905181646893531e+70
4.7832326353183595e+70
3.2478421785941505e+70
2.1696151884156905e+70
1.429771534998076e+70
9.315723473414363e+69
6.010867499763638e+69
3.8461666142087004e+69
2.4432773310842463e+69
1.5423984933894803e+69
2.5183689120524757e+68
1.4608283975567102e+67
7.872018650883818e+65
4.0458442903327344e+64
2.0124166745900115e+63
9.773665467455875e+61
4.661794426896383e+60
2.192127187751335e+59
1.0192432129350687e+58
4.695259124224032e+56
2.1464611790279926e+55
9.747628774661798e+53
4.401541673906769e+52
1.978124804968401e+51
8.851518885092781e+49
3.9457415864690234e+48
1.7531052716510325e+47
7.764628389763324e+45
3.4299368404500684e+44
1.5112637614081202e+43
6.6438874741073156e+41
2.9147100668142936e+40
1.2761850070464194e+39
5.577916411103072e+37
2.4338516121221347e+36
1.0603663561425109e+35
4.61294238373537e+33
2.0042420373758022e+32
8.696563671035941e+30
3.768645918883658e+29
