0.0
1.2456662763078435e+71
3.293175257305631e+72
8.517325053409855e+72
1.3925313492532267e+73
1.9012886743286386e+73
2.3460662357634802e+73
2.711745181911839e+73
2.994169872325751e+73
3.195672048947199e+73
3.32253495798264e+73
3.3831598390722315e+73
3.3866973673915536e+73
3.3426532397072983e+73
3.2598782169698216e+73
3.146624374739575e+73
3.0103030586769174e+73
2.8574485293783796e+73
2.6935664679817077e+73
2.5234783130077773e+73
1.874298775262238e+73
1.075443642886915e+73
5.670148017455753e+72
2.821380369055253e+72
1.3463489428486254e+72
6.225783814608911e+71
2.8091854347658376e+71
1.243023413672132e+71
5.4135228059654567e+70
2.32652320426315e+70
9.887989678544814e+69
4.1626619486831004e+69
1.738056713011951e+69
7.204910928099011e+68
2.967837556791514e+68
1.2157154529664694e+68
4.954909489336141e+67
2.0104254018969783e+67
8.12390481943254e+66
3.270986356762017e+66
1.3125314331946001e+66
5.250252473772119e+65
2.0944668744604213e+65
8.332956630693949e+64
3.3075457104258034e+64
1.3098660424413608e+64
5.176281794237345e+63
2.041895545293386e+63
8.039493126898372e+62
3.1597783126518613e+62
