2.18537105192191e+65
9.322892785105017e+67
6.998482772966593e+68
2.600939769754623e+68
6.068043901968477e+67
1.1334720021259286e+67
1.861970600966479e+66
2.8168380808308875e+65
4.0278838250755724e+64
5.533900209791509e+63
7.379664566816785e+62
9.621356190434577e+61
1.2325756781512105e+61
1.5574790118702804e+60
1.946303021811741e+59
2.4104813810013538e+58
2.9641103874265607e+57
3.6226761443578915e+56
4.405413245275175e+55
5.335918999064632e+54
1.5687484523453272e+51
6.503142150804957e+45
2.590923763020177e+40
1.0041891533640662e+35
3.8120471622606496e+29
1.4236952973640142e+24
5.24989861942428e+18
19162538575645.47
69394453.98207512
249.81861840665218
0.0008954914051476212
3.201534835568743e-09
1.142874728358001e-14
4.0769817331573853e-20
1.4552108505780692e-25
5.201200932133012e-31
1.8626459367818156e-36
6.687936656039475e-42
2.408563976176553e-47
8.703587194217577e-53
3.1566099495557553e-58
1.1489543383561758e-63
4.197370385384351e-69
1.5388842199521092e-74
5.660558949365994e-80
2.0879199807838737e-85
7.735342920059831e-91
2.869967686872005e-96
1.066835477866319e-101
3.981195081359984e-107
