0.0
1.7039838231591613e+71
3.4411453933401535e+72
8.265854009731785e+72
1.3143528345077618e+73
1.762755154612731e+73
2.1456838180295366e+73
2.4522024506432747e+73
2.680600059688464e+73
2.835094449998918e+73
2.923053041532866e+73
2.952898697490412e+73
2.934047533484987e+73
2.875236878498166e+73
2.784819031975558e+73
2.6704347428415678e+73
2.5385080080233794e+73
2.394723513343453e+73
2.2438549488732623e+73
2.0899000929093246e+73
1.5195308113804004e+73
8.46265706279268e+72
4.338866726108493e+72
2.1019270913968323e+72
9.773058814592644e+71
4.4056200800437767e+71
1.9387201645090364e+71
8.369306919198256e+70
3.5565765006169174e+70
1.4918702922263822e+70
6.189235037591632e+69
2.5437002758800983e+69
1.036952189144218e+69
4.1974693061316293e+68
1.6884630757615198e+68
6.754249110189264e+67
2.6886819033030358e+67
1.0655289269754761e+67
4.205836370150759e+66
1.6540633427475496e+66
6.483450609601319e+65
2.5336752896717997e+65
9.872961170360531e+64
3.8377226339332765e+64
1.488269678658965e+64
5.7579887112145866e+63
2.2234956148676796e+63
8.567605642082494e+62
3.296440086228687e+62
1.2660227633583274e+62
