0.0
4.715240951913185e+70
2.582643689536285e+72
7.431008654597861e+72
1.2582966816010708e+73
1.7525365400325547e+73
2.1915305618269502e+73
2.557722691725855e+73
2.8447586140665065e+73
3.05333055941895e+73
3.18852603553714e+73
3.257840768817941e+73
3.269734271139896e+73
3.233352867882102e+73
3.1573726547199365e+73
3.0500426434338445e+73
2.918934529376908e+73
2.7704495468790568e+73
2.6104661771707896e+73
2.443828221687634e+73
1.8056652025283333e+73
1.0227683496314106e+73
5.305083689700704e+72
2.592202870230164e+72
1.213580769116783e+72
5.502159692594522e+71
2.4333782195839136e+71
1.0552740053819249e+71
4.503379716099408e+70
1.8964925826549447e+70
7.898208104659691e+69
3.2582521591194793e+69
1.3331343795285926e+69
5.415873495486177e+68
2.186537700837922e+68
8.779175268067928e+67
3.507227952912059e+67
1.3950575545737726e+67
5.526842421880931e+66
2.1817589811465018e+66
8.58417655573315e+65
3.367311910582697e+65
1.3173058082477592e+65
5.140048136028074e+64
2.0010673406911517e+64
7.77323802465956e+63
3.013449073782212e+63
1.166040228925941e+63
4.504083999714622e+62
1.7369488058909e+62
