0.0
1.9798226448304464e+71
3.129352446613487e+72
7.034873152035466e+72
1.086772071079376e+73
1.4280711302725535e+73
1.7090633898346284e+73
1.9237441547973155e+73
2.0734467662576565e+73
2.16358830513856e+73
2.201823835987778e+73
2.1963892681535797e+73
2.1553407416378026e+73
2.086455945145978e+73
1.996607965175977e+73
1.8917545493010794e+73
1.7770059077784505e+73
1.656591541686724e+73
1.5340977086144544e+73
1.4121581821014379e+73
9.817777018072933e+72
5.111701362006074e+72
2.4518758089244715e+72
1.1120685610846572e+72
4.844533043059697e+71
2.0473296176875702e+71
8.451226918773171e+70
3.4235393083817506e+70
1.3656979082104161e+70
5.379008872513492e+69
2.095698175259383e+69
8.09091250430131e+68
3.098415140894822e+68
1.1783936025567803e+68
4.454291605486069e+67
1.674376287020805e+67
6.263512500845635e+66
2.3327946792581617e+66
8.652684730620055e+65
3.198162591517541e+65
1.1783100527165326e+65
4.327983145831361e+64
1.5849890977367217e+64
5.790574075855574e+63
2.1106199576441228e+63
7.675264442624686e+62
2.785364944176733e+62
1.0089730404539133e+62
3.6483434063254223e+61
1.3166947943697167e+61
