3.240529672197358e+66
3.6738077205098655e+70
2.4142275023641535e+72
6.9688332882578194e+72
1.1814522831874973e+73
1.6455692114941732e+73
2.0564024659879394e+73
2.397559167666332e+73
2.663123811606847e+73
2.8539022638623743e+73
2.9751473072561857e+73
3.034055625124418e+73
3.0390815780732966e+73
2.998826079248819e+73
2.9219055946197206e+73
2.816015267770477e+73
2.6883409183815968e+73
2.5452981018423057e+73
2.3921088012030806e+73
2.2333951398507438e+73
1.632490068786392e+73
9.085853563803344e+72
4.626273031643121e+72
2.218024780267122e+72
1.0186290882149587e+72
4.53013750214714e+71
1.9655019699091376e+71
8.361709091910423e+70
3.50117713978899e+70
1.4468820604466214e+70
5.913667169097878e+69
2.394438113904813e+69
9.617445541090567e+68
3.8358889280452955e+68
1.5203951369418036e+68
5.994778492297531e+67
2.351851343875539e+67
9.186935213113521e+66
3.5748603354187e+66
1.3860944853539937e+66
5.356952796567391e+65
2.0643470181218725e+65
7.932980926515162e+64
3.041198131794943e+64
1.1631321219024028e+64
4.439422827193689e+63
1.690987434341519e+63
6.428916429600679e+62
2.4401160026450033e+62
9.246653093617335e+61
