1.075702244268085e+67
1.2874126293420722e+70
1.526037656580627e+72
3.908083448330091e+72
6.364566905449658e+72
8.58052532612727e+72
1.0392773893367403e+73
1.1742953208233556e+73
1.2637030189430365e+73
1.3114723640141543e+73
1.3235432958375695e+73
1.3058497243505806e+73
1.265461060051211e+73
1.207549421003956e+73
1.1374451471567817e+73
1.0595608610835254e+73
9.774996094032893e+72
8.941874890016979e+72
8.11815952907125e+72
7.322409945547985e+72
4.683993817218425e+72
2.1289576134893754e+72
8.864631790419565e+71
3.481999623488239e+71
1.3128111948519857e+71
4.8022382563258775e+70
1.716606248593126e+70
6.026024843156594e+69
2.0849569466042862e+69
7.128204391459992e+68
2.413416617601821e+68
8.102013278069701e+67
2.7012863898945153e+67
8.950610215197255e+66
2.9499968366312892e+66
9.676098342471282e+65
3.1617013914256967e+65
1.0292178780544837e+65
3.3393992312050994e+64
1.0803231150620724e+64
3.485371051669897e+63
1.1219259255724717e+63
3.603934135897103e+62
1.1552296423069991e+62
3.6964212982243783e+61
1.1807065259124273e+61
3.765872571742353e+60
1.1994000044975322e+60
3.8148250726616076e+59
1.211899793080755e+59
