0.0
8.834120493453007e+70
3.0238297131348943e+72
8.276476376255663e+72
1.379661039077648e+73
1.9057859847364245e+73
2.3713840262164402e+73
2.7590620675816773e+73
3.062912372409884e+73
3.2841570880179994e+73
3.4283252563173435e+73
3.5032689292501335e+73
3.518229590491181e+73
3.4824815663824586e+73
3.405029756404344e+73
3.2946456576758845e+73
3.158714223331216e+73
3.004474641641867e+73
2.837488689068444e+73
2.6629785471437862e+73
1.9893597341254316e+73
1.1495781783154076e+73
6.097385877775031e+72
3.051006154852068e+72
1.4640147508696234e+72
6.807762137601971e+71
3.0894453711087054e+71
1.3751861492769976e+71
6.025615797754282e+70
2.6062449394093286e+70
1.1149635012397126e+70
4.72532774917104e+69
1.9868499918503073e+69
8.295454555232981e+68
3.4419281661468717e+68
1.4206145845800262e+68
5.83434801771413e+67
2.385827328105479e+67
9.718095212335322e+66
3.944369530187204e+66
1.5957678141381454e+66
6.436717693505085e+65
2.589429612664758e+65
1.0390966999292413e+65
4.1597758150775454e+64
1.6618531826237077e+64
6.626244753678556e+63
2.63689923209984e+63
1.0475803213337981e+63
4.155069402434674e+62
