1.1654115676271759e+67
1.7660870350648738e+70
1.938921383602033e+72
5.261443180179728e+72
8.771289898593185e+72
1.2060000293697427e+73
1.4888222986618762e+73
1.7148843737061858e+73
1.8817947165793412e+73
1.9921548877856797e+73
2.051313647653046e+73
2.0660553612173866e+73
2.043762863814035e+73
1.991580080659123e+73
1.9160515839562336e+73
1.8231598791128764e+73
1.7185658418046133e+73
1.606419724866759e+73
1.4905566147862422e+73
1.3738884394476425e+73
9.557032363796701e+72
4.9334107549380196e+72
2.3313467195088856e+72
1.037824313943778e+72
4.430599765187555e+71
1.8328316121222448e+71
7.402007361135193e+70
2.933785608895223e+70
1.1451407339233834e+70
4.414203646710541e+69
1.683832434580438e+69
6.366766096830734e+68
2.3890876128232077e+68
8.905914150197748e+67
3.3011558624985676e+67
1.217360914743099e+67
4.469277033518062e+66
1.6341820045166378e+66
5.953834126542686e+65
2.162003617907619e+65
7.828151221739626e+64
2.82665799187147e+64
1.0181280315744558e+64
3.6588662717364046e+63
1.3121132506830724e+63
4.696198175602418e+62
1.6777274700015063e+62
5.983902934858192e+61
2.130815131788363e+61
7.576376480612701e+60
