6.3267825032215665e+66
5.1600859181165826e+69
5.920802838655006e+71
1.3687510600745456e+72
2.058734427245635e+72
2.5574768037010504e+72
2.8429652188769813e+72
2.9376682784785297e+72
2.882074426016703e+72
2.7198521276657492e+72
2.490370044456157e+72
2.2262068515043284e+72
1.9509933047879976e+72
1.6818796744494672e+72
1.429991468366151e+72
1.2012775711657282e+72
9.991190166048136e+71
8.234836759107848e+71
6.734780780788872e+71
5.469702946837128e+71
2.336985641567326e+71
5.762035889997965e+70
1.3047267352434884e+70
2.7966906595539346e+69
5.76884457376748e+68
1.1569746351253204e+68
2.2722976433689938e+67
4.388910517146366e+66
8.36545159449839e+65
1.5773210823766654e+65
2.947466282615859e+64
5.4658561454935386e+63
1.0072516367680918e+63
1.8457595887241361e+62
3.36615610413062e+61
6.1131111568256576e+60
1.1060630790847997e+60
1.9946479737676819e+59
3.5862677535862365e+58
6.432057042373205e+57
1.1507472652589767e+57
2.054437727535232e+56
3.6602951905752295e+55
6.511025970791951e+54
1.1561905383219472e+54
2.05007326734921e+53
3.629785779249741e+52
6.42001030574369e+51
1.1340266861277126e+51
2.0008960293595654e+50
