8.330890064740945e+66
7.874739389728268e+69
9.467601634981956e+71
2.299704996765807e+72
3.6104128604729096e+72
4.6904704108432395e+72
5.465225392387001e+72
5.93107547666789e+72
6.1206020457830264e+72
6.084669768131833e+72
5.8751427370249545e+72
5.542302271863668e+72
5.1296119830160885e+72
4.672940474670811e+72
4.199690926492451e+72
3.730980833725754e+72
3.2815153789996926e+72
2.861096696814999e+72
2.475423879073566e+72
2.1270521810523074e+72
1.1286391519423848e+72
3.859662640347163e+71
1.2101800558987694e+71
3.583570120663634e+70
1.019965906522834e+70
2.81893970435688e+69
7.621572137582714e+68
2.0248187924864356e+68
5.305641329643732e+67
1.3744197873867545e+67
3.5268168053629116e+66
8.976443099729915e+65
2.270061925154824e+65
5.70598160534304e+64
1.4269756927593058e+64
3.5525382566567744e+63
8.809964971744717e+62
2.177131531164007e+62
5.362968528242266e+61
1.3173988368136394e+61
3.2279080247935135e+60
7.890302610065009e+59
1.924812462285141e+59
4.6859779476679583e+58
1.138987069849476e+58
2.763665155842591e+57
6.69525857538535e+56
1.620006395958441e+56
3.914655022728598e+55
9.447997056216975e+54
