0.0
2.0600703036401158e+71
2.739065494162148e+72
5.975475719766318e+72
9.086603611071158e+72
1.1788189330276088e+73
1.3942603087782402e+73
1.551723909252402e+73
1.6540173206195667e+73
1.7071491191223384e+73
1.7185031932769928e+73
1.6957758440679168e+73
1.646266159043213e+73
1.5765707756129967e+73
1.4925232555241506e+73
1.3990188655579777e+73
1.3000890462216947e+73
1.199038597484597e+73
1.0983975555138276e+73
1.0002323468810902e+73
6.669093495448547e+72
3.2561363349992765e+72
1.4636533685739489e+72
6.219420588979896e+71
2.538188690493233e+71
1.0050011288087772e+71
3.887296316647284e+70
1.475803539597161e+70
5.518507583150172e+69
2.0376283885822355e+69
7.444212874539894e+68
2.6948965275243577e+68
9.679658385044767e+67
3.453156271247544e+67
1.22424883444681e+67
4.3180667501537144e+66
1.515488508457972e+66
5.295993245987753e+65
1.8435555425916951e+65
6.394653067531473e+64
2.2108998663170295e+64
7.621134651110438e+63
2.6199839416677484e+63
8.984115505269478e+62
3.073511552288634e+62
1.049177933126532e+62
3.57423701367836e+61
1.2153321405970944e+61
4.125673246994546e+60
1.397968940187136e+60
