0.0
1.960732131131102e+71
3.214277234890931e+72
7.284731192278886e+72
1.1297726217645286e+73
1.488997726659813e+73
1.786555786574997e+73
2.015797097200763e+73
2.1775904772653266e+73
2.2773831250144126e+73
2.3226466739278335e+73
2.3218287843277546e+73
2.2833161046556617e+73
2.214981549655881e+73
2.1239811743717446e+73
2.016645841426214e+73
1.898245144676725e+73
1.7733406374840196e+73
1.6455932306698944e+73
1.51796027357551e+73
1.0638398524376251e+73
5.607423608958388e+72
2.7230539067389524e+72
1.2503991156811787e+72
5.514589352055898e+71
2.3592763965654226e+71
9.858147342828755e+70
4.04211379135508e+70
1.6320255178209303e+70
6.50548556338618e+69
2.5653453401590433e+69
1.0022311208386639e+69
3.8844278569198204e+68
1.4949281509642393e+68
5.718098498564254e+67
2.1751712709926597e+67
8.232700355678944e+66
3.1028011590187878e+66
1.1647412805386915e+66
4.356182208510586e+65
1.6239097271169897e+65
6.035227438473588e+64
2.2365860551151772e+64
8.26742680911894e+63
3.0490920606977416e+63
1.1219858419705548e+63
4.119891483684334e+62
1.5100077771342183e+62
5.524184365908052e+61
2.017578737142038e+61
