0.0
1.9787327978149546e+71
2.879575668304508e+72
6.369859455748065e+72
9.757629136344147e+72
1.2735645696471776e+73
1.514795001915589e+73
1.6950717570398193e+73
1.8164956686744146e+73
1.8848910721766494e+73
1.9074901596675147e+73
1.8921936004601034e+73
1.8466189304610166e+73
1.7777943782788664e+73
1.691836902834412e+73
1.5942463133347502e+73
1.4893266566581e+73
1.3808273848541276e+73
1.2716471838925274e+73
1.1641267915359287e+73
7.922543007797192e+72
3.991666121808768e+72
1.852116423208221e+72
8.1253102858367405e+71
3.4236469900251404e+71
1.3996601580439465e+71
5.589372208600473e+70
2.1907149647337652e+70
8.456513311745707e+69
3.223383438254234e+69
1.21557709752575e+69
4.542266907759882e+68
1.6839538607243123e+68
6.200119313669366e+67
2.2688947338000784e+67
8.25812679337528e+66
2.990796177748409e+66
1.0786069266570616e+66
3.8749747445629475e+65
1.3868473705271958e+65
4.948078470911431e+64
1.7601452026480073e+64
6.243489970373736e+63
2.209151416698702e+63
7.798998291637191e+62
2.7470211895829413e+62
9.65578374603964e+61
3.3882226803070255e+61
1.1867033427009539e+61
4.1493966438217234e+60
