9.492274094211863e+66
9.99309346430858e+69
1.22449150648083e+72
3.0566396883003694e+72
4.8980917279047234e+72
6.498147701982206e+72
7.739404920105017e+72
8.593155359330013e+72
9.080963957275664e+72
9.249276731145807e+72
9.156494148260581e+72
8.859880593378533e+72
8.414865113939339e+72
7.868350111478701e+72
7.261050682949028e+72
6.623543978297158e+72
5.984579244642027e+72
5.360015823534729e+72
4.764865593409606e+72
4.206676670648074e+72
2.4778861927780835e+72
9.928069601618732e+71
3.645490508699362e+71
1.2631789812290124e+71
4.2030797545925236e+70
1.3574624757047172e+70
4.285936011468706e+69
1.329293623828883e+69
4.0647994203996516e+68
1.22850702889518e+68
3.677276867551399e+67
1.091680558914941e+67
3.218393002565405e+66
9.43342287578812e+65
2.750203371401079e+65
7.981658326659789e+64
2.3072024008852274e+64
6.645210367339629e+63
1.9079157815860735e+63
5.461349599776611e+62
1.5595477150786503e+62
4.442762575176515e+61
1.262854728984679e+61
3.582835164571535e+60
1.014630040048375e+60
2.868317994844737e+59
8.097865105842115e+58
2.2828446667119104e+58
6.426709474096971e+57
1.8071609197950545e+57
