0.0
6.254549424175858e+70
2.793523939793908e+72
7.888681139027533e+72
1.3280644127665603e+73
1.8444927910610342e+73
2.3030881637408557e+73
2.6862143760844278e+73
2.987270050990891e+73
3.2071994091382114e+73
3.351076306370677e+73
3.426677078523153e+73
3.442748015463075e+73
3.40853655962429e+73
3.333049273943188e+73
3.224713621053656e+73
3.0912176399956e+73
2.9392648478757505e+73
2.7749070960084554e+73
2.6029607506390144e+73
1.9398129904158887e+73
1.1152607619721887e+73
5.880541821457958e+72
2.923514042939144e+72
1.3933501326153877e+72
6.433257676597239e+71
2.8983899039916813e+71
1.2804526973773019e+71
5.567494951906615e+70
2.38917414143253e+70
1.0139288547865785e+70
4.2621754229130016e+69
1.7770591730148973e+69
7.356353014577299e+68
3.0264030207372333e+68
1.2381139103888378e+68
5.03994432105308e+67
2.0424995522770553e+67
8.24443593371733e+66
3.31557301573482e+66
1.3290999149958957e+66
5.311214798248762e+65
2.1165913581706144e+65
8.413011736540654e+64
3.336006575227372e+64
1.3200066157212852e+64
5.211996017339498e+63
2.0541154002812308e+63
8.080470336611696e+62
3.1738607405026127e+62
