0.0
1.995062216962376e+71
3.0240999918626928e+72
6.739935537597632e+72
1.0367255892257375e+73
1.3577243230240825e+73
1.6200054639449956e+73
1.818298569262089e+73
1.954419159731475e+73
2.0339687163627562e+73
2.0644577848911304e+73
2.053912685951144e+73
2.0103367295416917e+73
1.9410526067383746e+73
1.8526630434827483e+73
1.7508363213892784e+73
1.6403965359172216e+73
1.5253413695624857e+73
1.4088831607957187e+73
1.2935465101109102e+73
8.904060475667971e+72
4.565246590488731e+72
2.156034854436207e+72
9.627873744809497e+71
4.12942258803816e+71
1.7183347332028537e+71
6.984128368974717e+70
2.785942893454426e+70
1.0944063850222522e+70
4.244914182219814e+69
1.6287529114127747e+69
6.193221738276585e+68
2.3360489343167343e+68
8.749826204477891e+67
3.25749950029988e+67
1.2061593958362222e+67
4.444148119730129e+66
1.6303057774977412e+66
5.957436755839125e+65
2.168967477228782e+65
7.87054089967256e+64
2.847666090190807e+64
1.0274065781125695e+64
3.697710493016569e+63
1.327479010837041e+63
4.755919244098445e+62
1.7001748254093573e+62
6.067418506827184e+61
2.1611481837365067e+61
7.685557804774478e+60
