1.0038134083864506e+67
2.3485853775183002e+70
2.1517689444969853e+72
6.101367340262827e+72
1.0299464686986233e+73
1.428893116524807e+73
1.7783387175393523e+73
2.064334133449165e+73
2.2825076704665768e+73
2.4345709424205328e+73
2.5257132682048136e+73
2.562986398049963e+73
2.5542103776761952e+73
2.5073518693246362e+73
2.4303017397165232e+73
2.329897471591477e+73
2.2123998909140834e+73
2.0831890595618173e+73
1.9470685163628038e+73
1.807896501956483e+73
1.2931250427940957e+73
6.958310845244964e+72
3.4239771488329238e+72
1.5865568428469744e+72
7.041360017963657e+71
3.027815589789455e+71
1.270411624946323e+71
5.2283623152882426e+70
2.1183977598909804e+70
8.473501092607339e+69
3.352895238604606e+69
1.3147004112505172e+69
5.11437675594611e+68
1.9760373012847607e+68
7.589044037796831e+67
2.899262146262027e+67
1.1023522923550565e+67
4.173896198224016e+66
1.574269740470826e+66
5.9174396635890455e+65
2.217220800485509e+65
8.283859619128896e+64
3.0867576108987905e+64
1.1473313712533288e+64
4.2558460566550316e+63
1.5751647558537368e+63
5.818583964808899e+62
2.1454715485628956e+62
7.897753238218994e+61
2.9025876511570534e+61
