0.0
1.2865743951497964e+71
8.120839939873367e+71
1.602482290985002e+72
2.210492789096351e+72
2.5841359399751393e+72
2.7349719728991733e+72
2.707397482430639e+72
2.5544214441074634e+72
2.3248123951989027e+72
2.0576880499005533e+72
1.7813404229051614e+72
1.514712477759412e+72
1.269143410186876e+72
1.0503421869086372e+72
8.602481620742942e+71
6.98286050151659e+71
5.6243723569405375e+71
4.499576298555157e+71
3.5782515402459374e+71
1.419708775979811e+71
3.162261249142214e+70
6.4934870170521614e+69
1.2593553956452154e+69
2.3410241669497185e+68
4.2123068156035624e+67
7.38759581307918e+66
1.2691290225877868e+66
2.14366583413754e+65
3.570180015328053e+64
5.87596995533464e+63
9.572869386503889e+62
1.5459983156737109e+62
2.477759002121768e+61
3.944641296551199e+60
6.242916387495977e+59
9.828061311131334e+58
1.539941535722595e+58
2.4026631364265856e+57
3.734286318406363e+56
5.783725267381971e+55
8.92906582159457e+54
1.3745300049019927e+54
2.1099833393190304e+53
3.2311344677677293e+52
4.937249061994063e+51
7.527633733641399e+50
1.1454301668221683e+50
1.739649696701356e+49
2.6375333582186914e+48
