0.0
2.0805440265078254e+71
2.1544086165672345e+72
4.531767359932847e+72
6.733004189964633e+72
8.551207339029569e+72
9.904188561281377e+72
1.0792814683835942e+73
1.1262241898688927e+73
1.1377648928336147e+73
1.1208709476307391e+73
1.0822985306611863e+73
1.028029361715687e+73
9.631907289749717e+72
8.920132433586844e+72
8.17870243486012e+72
7.434045450642269e+72
6.705539031356382e+72
6.00735654685227e+72
5.3493169240142406e+72
3.2707361401001986e+72
1.3974988611298466e+72
5.487235559820163e+71
2.034130509827629e+71
7.236398489242787e+70
2.496439954022032e+70
8.410627776842224e+69
2.7808905645461604e+69
9.055825212834896e+68
2.912030314636707e+68
9.264836978235789e+67
2.92169920496723e+67
9.141159503117121e+66
2.840866980744404e+66
8.775767816503533e+65
2.696613467731193e+65
8.247782319280554e+64
2.5115687101610367e+64
7.619322510146466e+63
2.30374895720115e+63
6.941506226451115e+62
2.0858849170597034e+62
6.251111372429801e+61
1.8687871493902353e+61
5.574406340252983e+60
1.658991055555116e+60
4.928178481630006e+59
1.461203519115541e+59
4.3248836516313757e+58
1.2780084532153798e+58
