0.0
1.7838571660377447e+71
3.420820707045006e+72
8.085511266949075e+72
1.2772265538872035e+73
1.705455165759314e+73
2.0686839933615328e+73
2.356902004178584e+73
2.5692904630876138e+73
2.7103717889016722e+73
2.787437562351508e+73
2.809294428994927e+73
2.784866091187777e+73
2.7229023722163717e+73
2.6314641847594204e+73
2.51780899466513e+73
2.3883272530307933e+73
2.2482800139366574e+73
2.102278529420417e+73
1.9539851283180765e+73
1.4096859633515212e+73
7.761544346734776e+72
3.935560765696748e+72
1.885989293631709e+72
8.676297675880588e+71
3.87053880197667e+71
1.6857229400367393e+71
7.202223630389208e+70
3.0294019522885187e+70
1.2577964987263203e+70
5.165271990871256e+69
2.101357502879313e+69
8.479805257295074e+68
3.397697520704482e+68
1.3529443037751758e+68
5.3571481109587963e+67
2.1110714744096906e+67
8.280949102058222e+66
3.2355295367718063e+66
1.2595674397165732e+66
4.887276287297242e+65
1.8904853532134247e+65
7.29213719482899e+64
2.805433682958171e+64
1.076797174126563e+64
4.123454434922973e+63
1.5758008248236633e+63
6.01153413773237e+62
2.288790050394512e+62
8.699722594057766e+61
