0.0
1.8294117012122275e+71
3.402399864352723e+72
7.97181880045677e+72
1.2547061442532728e+73
1.671170336388759e+73
2.0229349869677335e+73
2.3006883272660234e+73
2.5039104169444178e+73
2.6373064448424202e+73
2.708343165203135e+73
2.7256521650104635e+73
2.6981424816044492e+73
2.6344586525520956e+73
2.5425421630765584e+73
2.429561715613536e+73
2.301510880208567e+73
2.1636686890902164e+73
2.0205263950831112e+73
1.8755656424905016e+73
1.3464606632980917e+73
7.359684746249914e+72
3.705045871643869e+72
1.7630072996159662e+72
8.054275862322797e+71
3.5683216031418146e+71
1.5434402916144815e+71
6.549917859265578e+70
2.736474313296406e+70
1.1285201459628903e+70
4.603261145329346e+69
1.8601968949006997e+69
7.456408142322615e+68
2.9676730838479375e+68
1.1736782507451707e+68
4.6167935868281265e+67
1.8069826974075123e+67
7.041158109341008e+66
2.7325796796643394e+66
1.0566922142801074e+66
4.072172821253351e+65
1.5646319114723415e+65
5.995230379895317e+64
2.2909225801886728e+64
8.734483726377051e+63
3.3225499986306225e+63
1.2611853504891999e+63
4.778376287264566e+62
1.8070954613652023e+62
6.822598479445196e+61
