4.5675973784748166e+66
3.210355605988697e+69
3.257893422323164e+71
7.005969250023974e+71
9.835166041630492e+71
1.1365627230186174e+72
1.1715869720336329e+72
1.119562314264251e+72
1.0140845488791399e+72
8.822102302212968e+71
7.438190851518775e+71
6.117940498780398e+71
4.931000791887373e+71
3.908155124262786e+71
3.0540826934827233e+71
2.358538417204533e+71
1.802806481258817e+71
1.3658773985669742e+71
1.0268605602725452e+71
7.667494647397326e+70
2.3763659353237496e+70
3.613513452407632e+69
5.069093866549735e+68
6.749885141581782e+67
8.67001645698926e+66
1.0846595377021953e+66
1.330545982590254e+65
1.6068976195791685e+64
1.9165034352513807e+63
2.263323957308661e+62
2.6502852103479247e+61
3.0815290543131247e+60
3.561459718141907e+59
4.094812739521382e+58
4.68711498433542e+57
5.344465163946457e+56
6.071974285418776e+55
6.877963480050878e+54
7.768992312941797e+53
8.753834769813943e+52
9.84148177555553e+51
1.1041282600787848e+51
1.2363432304908148e+50
1.382068175947541e+49
1.5427620416982557e+48
1.719469451722049e+47
1.9137417012099347e+46
2.1273583817708743e+45
2.3620848154392196e+44
2.6198177766448795e+43
