0.0
1.8663204702108043e+71
3.3719762250312125e+72
7.833439338088977e+72
1.228417219830267e+73
1.6320091087598484e+73
1.9714233855637633e+73
2.2379546091216713e+73
2.431523048489112e+73
2.556927114039333e+73
2.6216564621587066e+73
2.634450429861151e+73
2.6040232049422688e+73
2.5388915493011097e+73
2.4468446004615347e+73
2.3348199271896314e+73
2.208649633806024e+73
2.0735245785167727e+73
1.9336777648733193e+73
1.7925116114709585e+73
1.2801898346657581e+73
6.943385453857369e+72
3.469124065934118e+72
1.6386342141950719e+72
7.431899924935254e+71
3.2689350402896057e+71
1.4040198298523205e+71
5.916440371287681e+70
2.454644442693772e+70
1.0053062014411621e+70
4.072478441141998e+69
1.634396028589981e+69
6.506323733424417e+68
2.5719778990367658e+68
1.0103591426267605e+68
3.9468398140855777e+67
1.534252256685761e+67
5.938500401838891e+66
2.289108056051758e+66
8.791377895323686e+65
3.3651953605457394e+65
1.2842121231871085e+65
4.887154795031957e+64
1.854964454311144e+64
7.02402395270898e+63
2.6538040385734173e+63
1.0005759538758818e+63
3.7648056106788233e+62
1.4143067386120017e+62
5.302909042900272e+61
