0.0
1.6668910110380646e+71
3.4442601468815053e+72
8.336860270239412e+72
1.3296526735068233e+73
1.7869095438142707e+73
2.178542663749916e+73
2.49304958368449e+73
2.7285932737189883e+73
2.889181780731623e+73
2.981869427605272e+73
3.0154068763612795e+73
2.9990610885641215e+73
2.941801000025278e+73
2.851986647000805e+73
2.737331487456567e+73
2.6043392666218766e+73
2.4590204978335064e+73
2.3060564552285368e+73
2.14968756596011e+73
1.567928613190406e+73
8.772179407753177e+72
4.517232890563872e+72
2.1975349625616686e+72
1.0259986104628198e+72
4.643810864326178e+71
2.0517651774535777e+71
8.892213332438978e+70
3.7937805824707185e+70
1.5974770419084915e+70
6.653409737806769e+69
2.7449666576298e+69
1.123369000412189e+69
4.564613343264216e+68
1.8430907996223498e+68
7.401964103002982e+67
2.957741732643661e+67
1.176597009179862e+67
4.662221314146866e+66
1.840535153840212e+66
7.241962288402111e+65
2.840998076648009e+65
1.1112396371129858e+65
4.3361622140087786e+64
1.687872591486288e+64
6.555065055753032e+63
2.540772436139752e+63
9.828731761579029e+62
3.7953245013047554e+62
1.4631348880842838e+62
