1.1564811536236416e+67
1.5419286694848286e+70
1.8233033146088534e+72
4.826988362842212e+72
7.980843503465152e+72
1.090501735135158e+73
1.338628796467964e+73
1.5334488301122786e+73
1.6736405589761086e+73
1.7621744437055845e+73
1.8047377545711827e+73
1.8080090692618294e+73
1.778840954142978e+73
1.724051693746324e+73
1.6497403850948997e+73
1.56143820494805e+73
1.4638366219747785e+73
1.3609874995178258e+73
1.2558591384242302e+73
1.1513055925006537e+73
7.848701351160686e+72
3.931353646323043e+72
1.8040766157852986e+72
7.807095508869726e+71
3.2411354287669967e+71
1.3049787153854997e+71
5.132125961717191e+70
1.9814944031393828e+70
7.537938020349282e+69
2.8327785832977667e+69
1.0538541747280337e+69
3.8868810671473408e+68
1.4233641847909458e+68
5.1789516422022384e+67
1.8741382800357818e+67
6.748362880997259e+66
2.4201337625123377e+66
8.64517943501328e+65
3.0777953527369014e+65
1.0923652243418693e+65
3.866195679466915e+64
1.3649338306442847e+64
4.806871955964733e+63
1.6898229531892468e+63
5.927095743337569e+62
2.075883183322872e+62
7.256702628377857e+61
2.533283227637679e+61
8.829855885667976e+60
3.0737697672608165e+60
