0.0
1.9335298771896028e+71
3.281223916147423e+72
7.49838254735991e+72
1.1673617450694733e+73
1.5428335285564093e+73
1.855634533467212e+73
2.0983284900812145e+73
2.2715303472320478e+73
2.380375499690158e+73
2.432465647058443e+73
2.4363094022888842e+73
2.4004209098118422e+73
2.3329951293603263e+73
2.241294052675038e+73
2.1319778302780948e+73
2.010550491754194e+73
1.8816716422923208e+73
1.749378263451983e+73
1.6166733782504253e+73
1.1410746244426192e+73
6.07984939073408e+72
2.9845336943548406e+72
1.3852993437866412e+72
6.1751154688219e+71
2.6700503126722094e+71
1.1274545845532922e+71
4.6715940926161426e+70
1.9059709933767376e+70
7.676907356268982e+69
3.0585704201593763e+69
1.2073596860238808e+69
4.727588602382027e+68
1.8381884424984198e+68
7.103429025392571e+67
2.729846702031891e+67
1.0438509606453153e+67
3.974251665296261e+66
1.5070463818513884e+66
5.694893413051999e+65
2.1446393697272327e+65
8.050726992962527e+64
3.014208830765065e+64
1.12570211743644e+64
4.193650872530129e+63
1.5586587742934016e+63
5.781931322598559e+62
2.140840171933257e+62
7.911854605398284e+61
2.91877538455628e+61
