5.181765635862103e+71
5.054358192465506e+73
1.654092374063359e+74
3.0300734039774507e+74
4.347656085180236e+74
5.457237061023756e+74
6.298584435974794e+74
6.865499471305762e+74
7.176997297436603e+74
7.268798066741859e+74
7.181164752573048e+74
6.952607128867209e+74
6.622058253072732e+74
6.220374501077772e+74
5.77526804982255e+74
5.30851233786233e+74
4.838281352532166e+74
4.376321060795182e+74
3.932540738144769e+74
3.513232351649973e+74
2.1831293271547296e+74
9.671237993286178e+73
3.985854049938877e+73
1.564248087065425e+73
5.9207519174870746e+72
2.17721654590908e+72
7.812289473261812e+71
2.741685892703409e+71
9.418793514349773e+70
3.16773998808225e+70
1.0410345872856344e+70
3.3340437651232e+69
1.0352979978171662e+69
3.091897604888972e+68
8.757085110021789e+67
2.289782634502786e+67
5.202199569904974e+66
8.387915387512398e+65
-3.3988130733761986e+64
-1.143163137065222e+65
-6.874688231860645e+64
-3.046452684184904e+64
-1.1116519978502598e+64
-3.2215241561866522e+63
-5.1858185433838585e+62
1.991234489607958e+62
2.757974379768291e+62
2.0027075455008273e+62
1.1997321479102842e+62
6.517352177021537e+61
