3.042605662540455e+69
1.507706039235446e+71
2.1428211766576696e+71
1.6591635690960328e+71
1.007378125434716e+71
5.3899249757420595e+70
2.6677216035578538e+70
1.2545545962292145e+70
5.6681430904227745e+69
2.4863350582099123e+69
1.0638597432775224e+69
4.453260989656104e+68
1.8321214877215599e+68
7.414792744576814e+67
2.96150375799166e+67
1.1684497693870841e+67
4.556074910822745e+66
1.7599412709559006e+66
6.736861875588313e+65
2.5576362104227923e+65
5.805867958626396e+63
1.5687709103505433e+61
3.6186138720460184e+58
7.541551390331119e+55
1.467371065011505e+53
2.715493741123523e+50
4.8364254384706316e+47
8.350007997392569e+44
1.405619290679937e+42
2.3179117348106322e+39
3.753850099158641e+36
5.985435930398566e+33
9.411161676575387e+30
1.4613263318586284e+28
2.24143489664239e+25
3.404815670685449e+22
5.10990732976092e+19
7.591385554030363e+16
111538778038367.25
161767122962.82162
231478246.99333423
325761.3351100359
449.38425715263594
0.6042964203358069
0.0007848597772093844
9.690518454438748e-07
1.1076499615156983e-09
1.091915602930519e-12
7.179475576623497e-16
-3.6502270532065426e-19
