4.742963241800444e+71
5.0860220440593486e+73
1.7986509687327898e+74
3.4709624571021095e+74
5.172066460397611e+74
6.687208709699927e+74
7.911237852568816e+74
8.808043944366758e+74
9.386142265096747e+74
9.675647256070782e+74
9.717258324838193e+74
9.558751883942442e+74
9.241549405725815e+74
8.809277837251412e+74
8.293897429441121e+74
7.729470115276153e+74
7.138016407436909e+74
6.541088574199244e+74
5.952765389584592e+74
5.384067718607621e+74
3.497751850824487e+74
1.6463369521153865e+74
7.167691643506265e+73
2.959891606861055e+73
1.175683648619796e+73
4.52919542226506e+72
1.7007797688345918e+72
6.2418192379285565e+71
2.242420315783744e+71
7.884502731908723e+70
2.7106028489297615e+70
9.091712705419242e+69
2.9615626925519033e+69
9.30701900461045e+68
2.7868184704526992e+68
7.782183699349611e+67
1.9344513641899233e+67
3.747086941492949e+66
2.043373810175083e+65
-3.124983723095652e+65
-2.3154768767644433e+65
-1.148283561396737e+65
-4.65386880189765e+64
-1.559868225332576e+64
-3.733333561754326e+63
2.516449629392088e+61
8.190735713555767e+62
7.3045381342924475e+62
4.8479686280671335e+62
2.83157833159809e+62
