5.691323348674457e+71
3.389885909531205e+73
9.02124313986725e+73
1.4548167366042324e+74
1.8897826853284414e+74
2.175113037750222e+74
2.3168914477262645e+74
2.3378496784650874e+74
2.2670304301034917e+74
2.1313713098216871e+74
1.956027830506732e+74
1.7596400403379657e+74
1.558063092371071e+74
1.361261974871401e+74
1.1764092918884605e+74
1.0071213356988675e+74
8.556161798098426e+73
7.221258864544658e+73
6.060405751360266e+73
5.062368646366723e+73
2.4535981890807732e+73
7.649351404801487e+72
2.2670375528851612e+72
6.482680248504933e+71
1.8017474633649673e+71
4.8897775560456737e+70
1.2994646940249433e+70
3.386556449548204e+69
8.659165588275532e+68
2.171365125814099e+68
5.331701312836181e+67
1.2782758550936324e+67
2.97887113750494e+66
6.702169600089909e+65
1.437890267188572e+65
2.880674756243226e+64
5.149253568944914e+63
7.250485305630251e+62
3.4439124474155325e+61
-2.7335127613223146e+61
-1.4812677792393043e+61
-5.166739050294891e+60
-1.4314020587540082e+60
-3.0518136499324775e+59
-3.104477660072541e+58
1.4846177043997602e+58
1.322938550046299e+58
6.99002900185117e+57
3.0979718279820643e+57
1.2527071980241082e+57
