3.3760271969103054e+71
4.437752037000997e+73
1.7835253485621996e+74
3.7619564534307914e+74
5.997264410377059e+74
8.181042669196493e+74
1.011023379970109e+75
1.167868232770617e+75
1.284810449344596e+75
1.362318118702374e+75
1.4037857745715213e+75
1.4137311827441282e+75
1.3972413694677832e+75
1.3595689193859109e+75
1.3056189854543689e+75
1.2397903781667401e+75
1.1657412759113457e+75
1.0869293957874056e+75
1.0057918165545931e+75
9.245677619119273e+74
6.363802049256754e+74
3.2370236895874837e+74
1.5098521859603887e+74
6.640092596886392e+73
2.798330618011872e+73
1.1410266231644002e+73
4.527244471183353e+72
1.7547793063185202e+72
6.659253103525536e+71
2.476119572582817e+71
9.021070622908996e+70
3.2168964083431435e+70
1.1198287087011866e+70
3.7919169436424526e+69
1.240260971592897e+69
3.8751544032050064e+68
1.1341240337262743e+68
2.9802187635889485e+67
6.265987412377183e+66
5.2641567960629595e+65
-4.471649067347349e+65
-3.7985891526588087e+65
-2.0414430571797677e+65
-9.004681945542077e+64
-3.380790733094238e+64
-1.0204298588327827e+64
-1.685645740464761e+63
7.458250289951791e+62
1.0685584917924367e+63
8.209408091980907e+62
