1.4815173352567854e+71
2.487062733809282e+73
1.1237867389083987e+74
2.573245058770037e+74
4.372977710127909e+74
6.28077795559321e+74
8.100933191739318e+74
9.693988231611229e+74
1.0987475679066391e+75
1.194655934992326e+75
1.2578415114573844e+75
1.290505518765535e+75
1.296494733291486e+75
1.2796834995635326e+75
1.2445791752444373e+75
1.1953512797569426e+75
1.1355327596656514e+75
1.0684598371335896e+75
9.969218518481313e+74
9.232970663455165e+74
6.50269091725989e+74
3.3774637788902604e+74
1.5895091693335744e+74
6.997304853304144e+73
2.934739229676147e+73
1.186577675749397e+73
4.659640489130713e+72
1.7862844635692256e+72
6.710174533323907e+71
2.47415807650079e+71
8.969151518785211e+70
3.198777626284464e+70
1.1219707373889323e+70
3.86776977825629e+69
1.3082661773948778e+69
4.330797776945691e+68
1.3970410389114724e+68
4.3607359980724136e+67
1.3041159328929003e+67
3.659524233440341e+66
9.257619341887916e+65
1.8872115599415943e+65
1.6174814102795165e+64
-1.2024855870926484e+64
-1.0171957918966266e+64
-5.428593711411433e+63
-2.4131321291043088e+63
-9.465912368564949e+62
-3.2732786253789503e+62
-9.351742270899586e+61
