4.448248486556507e+71
4.993340931370104e+73
1.8318203095346438e+74
3.624358250743275e+74
5.502471024871976e+74
7.218895156836982e+74
8.641756816884267e+74
9.719020796398315e+74
1.0448608748160228e+75
1.0857189853752772e+75
1.09850043506544e+75
1.088010939431541e+75
1.05865295232282e+75
1.0154096410535932e+75
9.618465669459837e+74
9.015782102360037e+74
8.372335660432889e+74
7.712705181206761e+74
7.055265166728248e+74
6.413394292563269e+74
4.243063157816341e+74
2.047453928601744e+74
9.113471719805502e+73
3.841840089942803e+73
1.555853737708763e+73
6.107386392826426e+72
2.3355955005498797e+72
8.72621211577189e+71
3.1920174763566585e+71
1.1429239389183797e+71
4.00327292568347e+70
1.36906308627915e+70
4.552456345548499e+69
1.4629673987180597e+69
4.495662673873701e+68
1.2967118376438477e+68
3.377164328744073e+67
7.179395424004521e+66
7.383155450765963e+65
-3.820328493813425e+65
-3.4974063840914753e+65
-1.8710179875422039e+65
-8.051741084735506e+64
-2.9015674084674324e+64
-8.067363980552046e+63
-8.849226562164925e+62
9.680624652462557e+62
1.0723489783477796e+63
7.669371220210618e+62
4.676361567052399e+62
