5.689305698022943e+70
9.443204011838295e+72
4.151964844505505e+73
9.175143261232099e+73
1.4989559898523624e+74
2.0666993396292027e+74
2.556740332096408e+74
2.9347476331359046e+74
3.1902456232447093e+74
3.3272920392859376e+74
3.3596730937990475e+74
3.3062417321053336e+74
3.184453631399133e+74
3.0137637006511493e+74
2.8095133771718405e+74
2.585400311730499e+74
2.353633451361795e+74
2.1210421000378351e+74
1.895278289799895e+74
1.680559594687531e+74
9.989441854927319e+73
3.987710369383155e+73
1.4332277430038512e+73
4.7987493554768705e+72
1.5257918637792072e+72
4.667834608771294e+71
1.385141809502541e+71
4.0122030661219923e+70
1.1386870221894457e+70
3.1761168847928547e+69
8.724592222266367e+68
2.3635181678869435e+68
6.318504833846062e+67
1.6683811574453924e+67
4.349406901914395e+66
1.1192258003173948e+66
2.8388606855407684e+65
7.093394926297416e+64
1.7404526642992815e+64
4.1817625943754074e+63
9.781563728772008e+62
2.21036038577032e+62
4.757183741888172e+61
9.500038182884007e+60
1.656517663991058e+60
2.060486029686619e+59
-6.972228555852601e+57
-1.756038658028172e+58
-8.494159283803326e+57
-3.1271450587935813e+57
