2.2490024040095723e+71
3.489678018939173e+73
1.51609118132987e+74
3.3787209912943605e+74
5.625887582120273e+74
7.949319319241495e+74
1.0116330496361938e+75
1.197738003252819e+75
1.3455616626436077e+75
1.452843849151191e+75
1.520866154463517e+75
1.5530591529845269e+75
1.5544528535888937e+75
1.5300647438054779e+75
1.4850720303925184e+75
1.4239564136690527e+75
1.3513082202562578e+75
1.27083967378088e+75
1.1854566407580197e+75
1.0980044059664258e+75
7.757827108398298e+74
4.0753121639411945e+74
1.9508052446083353e+74
8.7690103392732e+73
3.766121957812678e+73
1.5617232111338347e+73
6.29592388011273e+72
2.478624413605651e+72
9.557418792285683e+71
3.613373631051499e+71
1.3412704100449605e+71
4.883756649506923e+70
1.7435315609736677e+70
6.089089467051634e+69
2.071955356954362e+69
6.832121628646435e+68
2.1629035165062375e+68
6.465923991864285e+67
1.7658206700868267e+67
4.061463654768087e+66
5.614550219036971e+65
-1.363100263472545e+65
-1.6949606694907588e+65
-1.0072889796288791e+65
-4.7662570034487944e+64
-1.9452018711750254e+64
-6.833396814662413e+63
-1.873946114163356e+63
-1.9813439946849422e+62
2.2988691641292535e+62
