4.3504582197709193e+71
4.956501757297146e+73
1.8376999131592565e+74
3.6632757610382446e+74
5.592118550665068e+74
7.369306513145258e+74
8.853197359112387e+74
9.98761508810049e+74
1.0765817064442526e+75
1.1211639456231266e+75
1.1368143629178428e+75
1.128160578837437e+75
1.0998704656915618e+75
1.0566930556530315e+75
1.0026094661960383e+75
9.41221672919401e+74
8.75499519257259e+74
8.077336740427768e+74
7.399687037369717e+74
6.736145345423651e+74
4.479220528875064e+74
2.1759608243507948e+74
9.745359193150936e+73
4.131878931645402e+73
1.682553437280042e+73
6.638924800421937e+72
2.551530121941182e+72
9.582735244070181e+71
3.52261564792508e+71
1.2679115318525406e+71
4.46478591642946e+70
1.5351518354718784e+70
5.134025381152465e+69
1.6607784281377432e+69
5.141443710373436e+68
1.4964324326420474e+68
3.9503701777979855e+67
8.606572893727424e+66
9.97226560028101e+65
-3.893211042857207e+65
-3.8818181109946434e+65
-2.1321178683654974e+65
-9.344936469499503e+64
-3.4374001093531e+64
-9.931865571409965e+63
-1.3454811958252155e+63
9.627640828668284e+62
1.1734693913903898e+63
8.62510639013893e+62
5.338628930298902e+62
