4.543187408289599e+71
5.025898732982242e+73
1.82291862797031e+74
3.5784524309415513e+74
5.400943415234716e+74
7.052760919803186e+74
8.411596939280755e+74
9.43197332583282e+74
1.0111244186814229e+75
1.048039544206099e+75
1.0580567338626812e+75
1.0456021806639628e+75
1.015618385398149e+75
9.72262794320773e+74
9.193049088910865e+74
8.601479258738899e+74
7.974381970371429e+74
7.335157597774974e+74
6.699197033473707e+74
6.081048202271981e+74
4.001383304880914e+74
1.9163965993227197e+74
8.474796649448502e+73
3.550775565504079e+73
1.430058500744109e+73
5.582305366099993e+72
2.1230569738453935e+72
7.8923559734033315e+71
2.8716362494786914e+71
1.0228141368502664e+71
3.563351810002361e+70
1.211740134723426e+70
4.005420148961054e+69
1.2787967278865348e+69
3.9001908793362124e+68
1.1145311285537925e+68
2.8631125722734523e+67
5.929053665829834e+66
5.317094440226273e+65
-3.65096258697173e+65
-3.1031064066072873e+65
-1.6215865833046154e+65
-6.85950707856064e+64
-2.4222440065973762e+64
-6.47027751020754e+63
-5.1696547380271625e+62
9.392052734665063e+62
9.636773904720517e+62
6.723583424338384e+62
4.0454743539699273e+62
