5.027695367730149e+71
5.1207574456257396e+73
1.7333889731846696e+74
3.2468113210200737e+74
4.732584727975006e+74
6.015135930434913e+74
7.014040188212222e+74
7.714127534290663e+74
8.129358524235155e+74
8.296029117113771e+74
8.253230427814833e+74
8.045866202710419e+74
7.712038385257587e+74
7.29048552114786e+74
6.809837547329217e+74
6.297273373425149e+74
5.772193511392752e+74
5.250300038280812e+74
4.744000433299651e+74
4.261079055953294e+74
2.6994326456344906e+74
1.2273578610366885e+74
5.178283693893846e+73
2.0769060315328922e+73
8.023709289969396e+72
3.0092097210030202e+72
1.1005344051847263e+72
3.9354462130815805e+71
1.3773989199700256e+71
4.7186477259722365e+70
1.5792755299126392e+70
5.152292868452325e+69
1.6302324591137805e+69
4.963539074781433e+68
1.4340268918632142e+68
3.8340862410103595e+67
8.951830138745334e+66
1.5122278173447831e+66
-3.0778017628690577e+64
-1.9290190277718602e+65
-1.2113716328843275e+65
-5.533670274010404e+64
-2.0852166293163735e+64
-6.312434488116672e+63
-1.1528305044553731e+63
2.9496384304390585e+62
4.9761272750831955e+62
3.7822387763127204e+62
2.332305458746214e+62
1.2969218645693255e+62
