3.069696332237274e+70
4.657207570982616e+72
1.8695300735023273e+73
3.784037850944603e+73
5.673111445167102e+73
7.193283046925828e+73
8.204768147442352e+73
8.698958847517192e+73
8.748480762935418e+73
8.451057744886782e+73
7.914786748943824e+73
7.224848076743187e+73
6.461835829409834e+73
5.678854094261957e+73
4.917260104398732e+73
4.20348962601738e+73
3.552866243826287e+73
2.974166090981044e+73
2.4672681433338517e+73
2.0302228466254875e+73
9.045769785819195e+72
2.310317708241672e+72
5.269242469461635e+71
1.1119377374686612e+71
2.22085378941506e+70
4.256594718753767e+69
7.9046699971254095e+68
1.4312744891235979e+68
2.5376862146578556e+67
4.420783474326124e+66
7.583668692931931e+65
1.283571483217794e+65
2.144184738475383e+64
3.541030495930539e+63
5.77925863865682e+62
9.32748870862232e+61
1.4868808698532755e+61
2.3406983390663984e+60
3.6331827208389483e+59
5.547762088900467e+58
8.310672792619448e+57
1.2153612241730908e+57
1.7227564430733097e+56
2.3411852633355724e+55
2.9854972247710834e+54
3.416901555058068e+53
3.102519356866606e+52
9.182374906057442e+50
-5.197879987658232e+50
-1.894796708021662e+50
