3.81104562821835e+70
5.9900919838697625e+72
2.5026205911922468e+73
5.260244103933717e+73
8.184310360849779e+73
1.0755700264445894e+74
1.2697406865223793e+74
1.392363452285798e+74
1.4469525797170166e+74
1.4439527557019542e+74
1.395619510767304e+74
1.315236210868949e+74
1.2135544106567636e+74
1.1001875134236699e+74
9.825909760272221e+73
8.664810132191001e+73
7.555301355332951e+73
6.524138612851482e+73
5.582748450034292e+73
4.740959675369047e+73
2.3834268736083675e+73
7.33644186009411e+72
2.023773733442768e+72
5.176579440695989e+71
1.2551196258527826e+71
2.9238734566174616e+70
6.5990034854716624e+69
1.4528745770811669e+69
3.133651282966298e+68
6.641587779924506e+67
1.3861694350685205e+67
2.8533019850261047e+66
5.799533507080657e+65
1.164827425327419e+65
2.3121290681808012e+64
4.533823443893692e+63
8.781196853797046e+62
1.6776926180262426e+62
3.1573893102957313e+61
5.83893493037613e+60
1.0568786887994321e+60
1.8628851784613034e+59
3.1710970206158664e+58
5.132292676958796e+57
7.686135320266818e+56
9.981205434089745e+55
8.901882853616068e+54
-4.2773485139972614e+53
-5.134510045769554e+53
-1.8181502687845641e+53
