5.641417474306631e+71
2.7900858542886022e+73
7.170220400704673e+73
1.1267785450779226e+74
1.4259383966414425e+74
1.5978272887185107e+74
1.6554278594542175e+74
1.6231139300975327e+74
1.5277359857541133e+74
1.3929484254679267e+74
1.238638430887007e+74
1.0794075521752697e+74
9.251073819775369e+73
7.820845484749032e+73
6.537995483093354e+73
5.41419149241207e+73
4.44885723357688e+73
3.632170895464556e+73
2.9493440349405676e+73
2.3841201715762235e+73
1.0221817243556136e+73
2.673408563906041e+72
6.713482679094463e+71
1.6354334757980008e+71
3.8817937701691126e+70
9.006326106586483e+69
2.047013542448196e+69
4.563503116879723e+68
9.983342984808057e+67
2.1425749275905604e+67
4.5038378914165975e+66
9.25155689984819e+65
1.849416196130338e+65
3.5746481978996696e+64
6.613599005812638e+63
1.1495185831727394e+63
1.8105850375490898e+62
2.353320977385506e+61
1.650875309026555e+60
-3.558454620238199e+59
-2.1138942889861523e+59
-6.68528210523522e+58
-1.6282464631355282e+58
-3.0389760319828575e+57
-2.8575883396853905e+56
9.745073564477667e+55
7.823738482149312e+55
3.5694867184591573e+55
1.3576713132294578e+55
4.6963730267192794e+54
