5.644532724164604e+71
3.900360923025892e+73
1.0810183936970781e+74
1.7886315237911031e+74
2.3766803914672467e+74
2.795690239014025e+74
3.0434957809862256e+74
3.139739245742832e+74
3.1127135339093417e+74
2.9935617370674563e+74
2.81058164686466e+74
2.5879481661918523e+74
2.3453695386159836e+74
2.0976580131976657e+74
1.8552076697426814e+74
1.6257856454236528e+74
1.4134960721404441e+74
1.2206790044830697e+74
1.0480580997873785e+74
8.953244849508233e+73
4.717362744557029e+73
1.6575081362470845e+73
5.502482501163567e+72
1.756497912585148e+72
5.440573072940549e+71
1.6439143119625538e+71
4.8617926219661996e+70
1.4091846673591954e+70
4.0066830442692696e+69
1.1167137738673411e+69
3.046462779640778e+68
8.108913875453779e+67
2.0964027675722097e+67
5.2249499173181886e+66
1.2388391191603497e+66
2.7310430267482827e+65
5.315611947540955e+64
7.837969398415343e+63
1.6455636084480767e+62
-5.021820252833019e+62
-2.74068096940706e+62
-1.033761401067668e+62
-3.1455297421043663e+61
-7.412292796573615e+60
-8.376836782460245e+59
4.400458525270911e+59
4.368837326241577e+59
2.5639781619226952e+59
1.2635918690107192e+59
5.684511655407208e+58
