1.195660393742413e+71
2.0412426186832567e+73
9.282052643048388e+73
2.1303364415445952e+74
3.6225485620472294e+74
5.204004074600152e+74
6.707894418057171e+74
8.023081956336545e+74
9.08270671454483e+74
9.866624028950876e+74
1.0372624764448158e+75
1.062542915548641e+75
1.0655574284986994e+75
1.0498060399279915e+75
1.0189132649421692e+75
9.765428283526725e+74
9.256544904571163e+74
8.689628172351687e+74
8.088587035057341e+74
7.474075629601624e+74
5.211943195567475e+74
2.664222350928918e+74
1.2330201805170936e+74
5.333514302275619e+73
2.1968829171089002e+73
8.718322761980092e+72
3.3607019187203576e+72
1.264648909749779e+72
4.663506226875313e+71
1.6888973956639905e+71
6.018012527597664e+70
2.1115703180931216e+70
7.296287730386872e+69
2.4829008472744323e+69
8.311341482861396e+68
2.7325476485169567e+68
8.796567955721586e+67
2.763678517210609e+67
8.411832509817507e+66
2.4550811115461365e+66
6.747134904862443e+65
1.6788894396732365e+65
3.419975476253197e+64
3.3478281046983374e+63
-1.749228290826773e+63
-1.5607186307361491e+63
-8.329265149885507e+62
-3.68907339584769e+62
-1.4487969183556478e+62
-5.0976668598221984e+61
