5.390841747692159e+71
4.736722145461251e+73
1.4502156055434823e+74
2.5478553097523375e+74
3.546227465044623e+74
4.3446713978250943e+74
4.911608550134834e+74
5.25430911835045e+74
5.397906364750859e+74
5.377188003520539e+74
5.228001949340855e+74
4.984392906869433e+74
4.676200256476383e+74
4.328198952737884e+74
3.9607083171942217e+74
3.589365205676391e+74
3.226250800452095e+74
2.8786007370720694e+74
2.552684663684304e+74
2.2510772857734462e+74
1.333931359051982e+74
5.533115864886688e+73
2.146770178305132e+73
7.960641056731227e+72
2.8537953032296834e+72
9.955269128509628e+71
3.3928241262677243e+71
1.1318103484617333e+71
3.6990202076618237e+70
1.184024591005949e+70
3.705400742562736e+69
1.1304814314349057e+69
3.346122042219144e+68
9.529523082764602e+67
2.575800205424316e+67
6.437297660968281e+66
1.403601648948779e+66
2.2081004242294383e+65
-4.999571189017482e+63
-2.508742917651238e+64
-1.4619854552922873e+64
-6.196975243944413e+63
-2.1524829234045174e+63
-5.888982549660846e+62
-8.493353816833998e+61
3.764363029334914e+61
4.667600820901224e+61
3.193080261393862e+61
1.8148923401158008e+61
9.379642099006129e+60
