1.671692169293725e+71
2.769230478692757e+73
1.243637181700055e+74
2.8350100698173674e+74
4.802745234436942e+74
6.882253010085434e+74
8.858025985740603e+74
1.058562739813257e+75
1.1983495819153386e+75
1.301918060772841e+75
1.3699790605969916e+75
1.4051187700150238e+75
1.4114262415994724e+75
1.3933103104435764e+75
1.3554608987018523e+75
1.3021280494134043e+75
1.2375133084646203e+75
1.1651966247354497e+75
1.087742620384125e+75
1.0082574921341632e+75
7.12344319324366e+74
3.7237993139014543e+74
1.7659079057782136e+74
7.840350636362788e+73
3.31856323035205e+73
1.3543870153382052e+73
5.370601984688532e+72
2.078861310656055e+72
7.881659331459981e+71
2.933105033434407e+71
1.0726195367399539e+71
3.8552174036830167e+70
1.3621053849093462e+70
4.722476079154779e+69
1.6033603939292378e+69
5.315626425030886e+68
1.7113015739305962e+68
5.302029740296197e+67
1.5574989868653328e+67
4.216554417736047e+66
9.818590310370182e+65
1.535818792152738e+65
-1.6676857316061803e+64
-3.076637135193347e+64
-1.9025253336463056e+64
-9.132366782645797e+63
-3.7958410998870354e+63
-1.3874908289995266e+63
-4.29440552302943e+62
-9.219732442681325e+61
