4.521524425331712e+71
1.5875486058889505e+73
3.9668738342643255e+73
5.936193040369974e+73
7.068312444096172e+73
7.396839651477562e+73
7.11946751956406e+73
6.457056674964739e+73
5.5996835877357764e+73
4.687045224726143e+73
3.81283068675041e+73
3.029008407044016e+73
2.3598472143993655e+73
1.8080550045215944e+73
1.366159869660758e+73
1.0199633641989646e+73
7.53991959576497e+72
5.52718861204247e+72
4.0233827412783625e+72
2.911995316349332e+72
8.123307158767147e+71
1.1215306582779037e+71
1.5552258002233e+70
2.192342693641442e+69
3.1129186942926486e+68
4.4056248809401084e+67
6.173146245152249e+66
8.534617854862176e+65
1.1621150803129328e+65
1.556402604737681e+64
2.0468728536669605e+63
2.6380568999531615e+62
3.322115402133636e+61
4.068428814072215e+60
4.8108800738005405e+59
5.428821358296229e+58
5.7273097645468526e+57
5.4145101599418414e+56
4.0960653537748135e+55
1.296228609267859e+54
-3.4226018981880514e+53
-1.0183926947541753e+53
-1.8137430651327016e+52
-2.4178073520240406e+51
-2.035188078728175e+50
1.0934035241381494e+49
1.0555085789345677e+49
3.337237853741159e+48
8.271474171770149e+47
1.8284598252032867e+47
