4.836000392373736e+71
5.108143253578927e+73
1.7825499793523946e+74
3.408005845664184e+74
5.043713235467129e+74
6.486077215417017e+74
7.638078243033221e+74
8.471904689066279e+74
8.996273383064816e+74
9.245771033691336e+74
9.258990894404886e+74
9.081968653628566e+74
8.758489226459889e+74
8.326253830045646e+74
7.821711870106101e+74
7.27223347115686e+74
6.701373681677946e+74
6.126652582301222e+74
5.563542157653144e+74
5.021292084394096e+74
3.237412760673806e+74
1.507932257052139e+74
6.502927642004598e+73
2.6617453616875974e+73
1.048482660531413e+73
4.005627466577146e+72
1.4921390691408588e+72
5.432853481311473e+71
1.9358886171765944e+71
6.752793106902637e+70
2.3024121450066457e+70
7.655946805586511e+69
2.4708849069735784e+69
7.686665692529112e+68
2.275666109132075e+68
6.269054085209572e+67
1.5279176762124085e+67
2.839768503644984e+66
9.210651020958815e+64
-2.736571448475534e+65
-1.909908409511787e+65
-9.210252040718759e+64
-3.648743933786509e+64
-1.1848919633312805e+64
-2.634803970325146e+63
1.7863199557128208e+62
7.157090394460326e+62
6.021167334284169e+62
3.8908243784204834e+62
2.234908465846004e+62
