8.19334292533462e+70
1.3949110126475998e+73
6.297889905941256e+73
1.430709485327815e+74
2.4044167623194456e+74
3.4106774718203256e+74
4.3396794971581676e+74
5.122522440554446e+74
5.723174923370163e+74
6.136280930535284e+74
6.367325115545375e+74
6.437751704388993e+74
6.370709138870309e+74
6.193723495887689e+74
5.933154102729845e+74
5.610414038536973e+74
5.246236164396183e+74
4.860297868254004e+74
4.4632602600635266e+74
4.0677948753528233e+74
2.692011041677207e+74
1.269349908505058e+74
5.414844565347266e+73
2.1576339245037947e+73
8.183918315956319e+72
2.990437692029305e+72
1.0612635877639584e+72
3.676903462439721e+71
1.2492593573653752e+71
4.1711082092964313e+70
1.3711432333615925e+70
4.444503564324882e+69
1.4209774551270113e+69
4.483067393449414e+68
1.3946643111248573e+68
4.277939706793804e+67
1.290962183260278e+67
3.82475706141691e+66
1.1089750578566229e+66
3.1308918594823374e+65
8.531185013052084e+64
2.2133409978838514e+64
5.325617291262714e+63
1.1184737315381239e+63
1.6708890975085205e+62
-6.968719469117598e+60
-2.07719393139432e+61
-1.2075767897078526e+61
-5.342815771203722e+60
-2.0618316005427195e+60
