6.8551324285377e+70
1.156075789292555e+73
5.1655796917902166e+73
1.1604802332554402e+74
1.9268166833441275e+74
2.7000135648036936e+74
3.3940614452715147e+74
3.957931329094889e+74
4.370186111922182e+74
4.628559202665571e+74
4.74609410714849e+74
4.741492719503264e+74
4.636443082071404e+74
4.454502263999164e+74
4.2161000497175136e+74
3.9393171817235404e+74
3.640236363106699e+74
3.330730875295664e+74
3.0223743325720207e+74
2.721073003900693e+74
1.716617172225505e+74
7.515703369968342e+73
2.970052399383443e+73
1.0945502580533147e+73
3.835851266467392e+72
1.293979161134615e+72
4.238116341774453e+71
1.3550305751387652e+71
4.2459334271688615e+70
1.3075970415116842e+70
3.9651125251937195e+69
1.1855366820289573e+69
3.4986287153425637e+68
1.0189988153965665e+68
2.929129858304589e+67
8.305742427429054e+66
2.3197831380609302e+66
6.372686576777894e+65
1.7166246434023002e+65
4.514789917123486e+64
1.1523121525786491e+64
2.8235662634365157e+63
6.518066198519948e+62
1.3640162647044435e+62
2.3412263061340184e+61
1.9321953401442317e+60
-8.530838159960352e+59
-6.439231542604887e+59
-2.923519264886164e+59
-1.104957306297814e+59
