1.9145714818350581e+71
3.092213892526994e+73
1.3713539087830632e+74
3.1017732710879026e+74
5.222989262813502e+74
7.448402394926799e+74
9.549177998804193e+74
1.1375139923738995e+75
1.284482478673071e+75
1.392682217240534e+75
1.4630272476036774e+75
1.498702287195441e+75
1.5039379684718469e+75
1.483411062508091e+75
1.4423908169470352e+75
1.3851671157649017e+75
1.3162235861794635e+75
1.2390727693809804e+75
1.1569828377695499e+75
1.0724224887519135e+75
7.588711046998048e+74
3.9841943425006235e+74
1.900467580735281e+74
8.495135633332719e+73
3.624494585939499e+73
1.491401877754404e+73
5.9638661151896346e+72
2.3278127139906142e+72
8.898110356346295e+71
3.3369471648129533e+71
1.2290288312713273e+71
4.4452241124700253e+70
1.5780717339666733e+70
5.4903525881344e+69
1.8665790684695928e+69
6.17511263112353e+68
1.9734939527937347e+68
6.022842783103928e+67
1.7180427587519133e+67
4.3713940965547134e+66
8.697768297809155e+65
4.883148265828338e+64
-7.734146191059156e+64
-5.985017660323591e+64
-3.1435457948592235e+64
-1.3855384917868888e+64
-5.336572121133133e+63
-1.758866720550616e+63
-4.3017426155963905e+62
-1.2251564956685709e+61
