1.0885455952741012e+70
1.1258861727561256e+72
3.2948164101491076e+72
4.9831377324092364e+72
5.671414480483266e+72
5.524199728370593e+72
4.881739911741043e+72
4.038269722718744e+72
3.18432605455029e+72
2.4199435216136392e+72
1.7880525180072008e+72
1.2900891112548238e+72
9.130352894691463e+71
6.355327363001637e+71
4.3618101829036266e+71
2.954696998886201e+71
1.9798186918682226e+71
1.313048884726427e+71
8.630647332867862e+70
5.624563385631054e+70
1.0183466100218526e+70
6.511615209033782e+68
3.6511375549970994e+67
1.8767147815903227e+66
9.092095703865297e+64
4.219084455811121e+63
1.8948292163333178e+62
8.285841286879747e+60
3.5472658030025206e+59
1.4916752667253843e+58
6.17299483738223e+56
2.5178799044681384e+55
1.014270174917707e+54
4.0384204012504174e+52
1.5898501649566183e+51
6.191064580245084e+49
2.3848897195836616e+48
9.078369822525929e+46
3.415026102801368e+45
1.2671667496235867e+44
4.6308915009480855e+42
1.6609019149626695e+41
5.824609382719983e+39
1.9833236688526166e+38
6.490812092692111e+36
2.0025730635642817e+35
5.610164871831954e+33
1.2853281636555313e+32
1.4189387423534237e+30
-8.4263871616907e+28
