5.365944098485284e+71
2.164274822115805e+73
5.433369846178297e+73
8.320531999502384e+73
1.0222711108274927e+74
1.108713182015871e+74
1.1094833711117411e+74
1.048623536750342e+74
9.497113975766e+73
8.318773793092681e+73
7.096727224297863e+73
5.924500917001776e+73
4.857854992244209e+73
3.926398715728232e+73
3.134504399794558e+73
2.4772784034830824e+73
1.9416259188637408e+73
1.5116071708629372e+73
1.1701515458120603e+73
9.018401715046959e+72
3.2260127729733407e+72
6.506083814768103e+71
1.2845509019605346e+71
2.4930883176785008e+70
4.74906498695923e+69
8.873010097745732e+68
1.6268339201550283e+68
2.9288515373469844e+67
5.176960049600126e+66
8.983283836062313e+65
1.5280580554380013e+65
2.543086368449271e+64
4.1252808160604705e+63
6.4882928403993125e+62
9.806710161906644e+61
1.4033972169757353e+61
1.848175329007544e+60
2.10297911571917e+59
1.6614480161996059e+58
-4.896998086210062e+56
-6.109139636324397e+56
-1.7614809376315647e+56
-3.664811372133053e+55
-5.809534763152642e+54
-5.144332652852867e+53
9.207128553108214e+52
6.980068918098342e+52
2.658297864094176e+52
8.281555431556242e+51
2.331766423908084e+51
