1.3277268705377966e+71
2.2533364169474645e+73
1.0229346603898665e+74
2.347107376939397e+74
3.9937073233364934e+74
5.739619384465489e+74
7.404617410347294e+74
8.862980157732503e+74
1.004299979163886e+75
1.0918682381832594e+75
1.149132783998617e+75
1.1784601361110675e+75
1.1831294479980833e+75
1.166921793628403e+75
1.1340380045777453e+75
1.0880618208949575e+75
1.0327513052527506e+75
9.707627641920287e+74
9.048481453289232e+74
8.371812746071286e+74
5.868515028845876e+74
3.0245223805066533e+74
1.4113387952124634e+74
6.156657118542437e+73
2.5575428385675154e+73
1.023686018221732e+73
3.9798715104222834e+72
1.510252329311413e+72
5.613781343074985e+71
2.0491311025080859e+71
7.355642678331967e+70
2.598185720371632e+70
9.033327080516107e+69
3.089008740676489e+69
1.0380057917451018e+69
3.419603596384793e+68
1.1006677212126033e+68
3.444807102624192e+67
1.0391164771735858e+67
2.980590152446784e+66
7.914781685771577e+65
1.830641610481877e+65
2.9975934653620826e+64
-1.4840065941129062e+63
-4.5537810422254016e+63
-2.8807781030976454e+63
-1.3818165513805833e+63
-5.7407542141322505e+62
-2.125096818871616e+62
-6.893288505020374e+61
