5.111939058923062e+71
5.102764448241308e+73
1.699211183911553e+74
3.1478973808224243e+74
4.552967278931947e+74
5.750977360359182e+74
6.671993293314079e+74
7.304879132380183e+74
7.667450316767795e+74
7.795641566360805e+74
7.728540559752636e+74
7.508284432755312e+74
7.174504980310526e+74
6.760281661059494e+74
6.296050162105358e+74
5.805280002752498e+74
5.305786298167658e+74
4.812994096419207e+74
4.3369852886103004e+74
3.884843526423591e+74
2.437641419308143e+74
1.0938793538046482e+74
4.5603752100270126e+73
1.80901359408339e+73
6.9154182076536925e+72
2.5672926457965747e+72
9.296060250707753e+71
3.292111842773851e+71
1.1410640773434388e+71
3.870343948769846e+70
1.28289592282965e+70
4.1441900957843596e+69
1.2976224801294488e+69
3.9087740700355296e+68
1.1165337047281914e+68
2.944669421618664e+67
6.753663053406067e+66
1.100873641661065e+66
-4.21788319971092e+64
-1.5091286112418812e+65
-9.178044233689355e+64
-4.1079432089234425e+64
-1.5168274900586757e+64
-4.460328021577848e+63
-7.4541263739077245e+62
2.597645956239818e+62
3.78037397826259e+62
2.7851313798185813e+62
1.6857740679979698e+62
9.2432481809289e+61
