5.528689321409069e+71
4.5750080286007125e+73
1.3593664573477835e+74
2.3445343100524185e+74
3.2178642189256995e+74
3.896146087972545e+74
4.357901279444961e+74
4.615266048407261e+74
4.696244690242318e+74
4.634569385546963e+74
4.4649466791071374e+74
4.2181865678111437e+74
3.9217448557066154e+74
3.597778407653542e+74
3.263692303483754e+74
2.932628829064981e+74
2.6134907770725007e+74
2.312669323934889e+74
2.0340004883003622e+74
1.7792205197754586e+74
1.0235013025328317e+74
4.070428956489021e+73
1.5183993093955827e+73
5.4218726446398974e+72
1.873290965589904e+72
6.302806871145372e+71
2.0724976482989195e+71
6.673047740351672e+70
2.105157940989525e+70
6.503813079798558e+69
1.964469303199373e+69
5.782546861987758e+68
1.6500426221643036e+68
4.5269722869383217e+67
1.1766155060929328e+67
2.819095140469034e+66
5.837736560859867e+65
8.398566186861413e+64
-4.780226460423064e+63
-1.0622257580868763e+64
-5.730412211205469e+63
-2.292602797885167e+63
-7.50184977151125e+62
-1.8808429846318157e+62
-1.9345430918536888e+61
1.692755069543888e+61
1.6882725887887863e+61
1.0718985489474677e+61
5.785954115405672e+60
2.8637560617196646e+60
