5.283601204894627e+71
4.8660191385412054e+73
1.530199146960993e+74
2.733689529314517e+74
3.8522522106099745e+74
4.768044856325988e+74
5.438978724396491e+74
5.866492739358959e+74
6.074376685541766e+74
6.097237475197774e+74
5.972126448320507e+74
5.735375136548415e+74
5.418825850351018e+74
5.050292283895654e+74
4.653079316577289e+74
4.245853221501841e+74
3.8414121813052667e+74
3.450196979382583e+74
3.0792111802422284e+74
2.732554263365225e+74
1.657235672259403e+74
7.100222315018478e+73
2.8395755465873053e+73
1.0838381353527784e+73
3.995020549644182e+72
1.4323371290305143e+72
5.014296430780067e+71
1.7178825794334662e+71
5.766092019875091e+70
1.8949254092632105e+70
6.089125642704918e+69
1.9079366540262842e+69
5.800562458795129e+68
1.6977175533349204e+68
4.723660970249282e+67
1.2170947163772721e+67
2.751448334163687e+66
4.581630757903064e+65
-1.3410724439747132e+63
-4.8955567154819366e+64
-3.0163709937254285e+64
-1.3327717802557618e+64
-4.8286328221353364e+63
-1.3975190155375295e+63
-2.3824323240429726e+62
6.719932676103933e+61
1.0221369886132463e+62
7.4146790332797e+61
4.379617634529904e+61
2.3372211980987818e+61
