4.747991688770027e+70
7.670862814906746e+72
3.3019262492639644e+73
7.142482081386356e+73
1.1420668659848886e+74
1.541196923315046e+74
1.8674460883298546e+74
2.1005145234732313e+74
2.2377165423658948e+74
2.2879474728005054e+74
2.265565809980377e+74
2.186082390838095e+74
2.0656517685232867e+74
1.917405805680022e+74
1.7534951885862595e+74
1.582874566472644e+74
1.4126639170396495e+74
1.2490795883538934e+74
1.0946160353878807e+74
9.518306073296601e+73
5.245615640620131e+73
1.8611942919010406e+73
5.933424186765543e+72
1.757808938192538e+72
4.938735406596594e+71
1.3342744456630091e+71
3.495711942748324e+70
8.934601397799696e+69
2.237232662007926e+69
5.505172409251602e+68
1.334296668035657e+68
3.189265051444798e+67
7.524822823064514e+66
1.753934668514831e+66
4.03894627046862e+65
9.186781537748508e+64
2.061933110096807e+64
4.561818974060296e+63
9.928432157962959e+62
2.119674812716359e+62
4.4202502599422845e+61
8.946850766915409e+60
1.7384002349866616e+60
3.180940830844233e+59
5.273383815188624e+58
7.125656748467994e+57
4.440749489220639e+56
-1.752694285531644e+56
-1.0223655164218066e+56
-3.673731746074889e+55
