7.487611664445809e+70
8.254185899390747e+72
2.43982368099597e+73
3.839886766911472e+73
4.6557782921955076e+73
4.9021824278606796e+73
4.720231389216875e+73
4.2714460622939214e+73
3.690491023736545e+73
3.07392334889931e+73
2.4864529909957334e+73
1.961905980632416e+73
1.5166132734685508e+73
1.151509873549845e+73
8.602749760421634e+72
6.340554215147168e+72
4.615764655268423e+72
3.322659715547145e+72
2.3690876506445907e+72
1.674420728330574e+72
4.1236545654452357e+71
4.23830128507704e+70
3.875591561694234e+69
3.287174402708851e+68
2.6476762272911278e+67
2.054721222061329e+66
1.5510669505732188e+65
1.1463778414247685e+64
8.324210543710191e+62
5.96070108621329e+61
4.215012795834481e+60
2.947025960332426e+59
2.038861334745988e+58
1.3950444162313345e+57
9.443350184552282e+55
6.321115813715431e+54
4.175512516395759e+53
2.721150149871476e+52
1.7451726601592482e+51
1.0977968404430447e+50
6.751854619648666e+48
4.031324571750852e+47
2.3150973299820796e+46
1.2584879658624167e+45
6.269272258055803e+43
2.6490689069574376e+42
6.963424485455146e+40
-2.5269862836641926e+39
-6.235482194511713e+38
-6.823339310565817e+37
