1.9155744441070483e+70
2.5042949743481823e+72
8.92325757882132e+72
1.6154547692598822e+73
2.1787670290572283e+73
2.4950219604851165e+73
2.5785654037663252e+73
2.4835760044613946e+73
2.273374434599261e+73
2.0028853593804368e+73
1.71169813641966e+73
1.427646373013149e+73
1.1671013631886174e+73
9.378747966995472e+72
7.428110608083795e+72
5.809583645011712e+72
4.491900078353863e+72
3.4385198138272832e+72
2.609034971414904e+72
1.9638406252899027e+72
6.18972371586199e+71
9.279423640571097e+70
1.2320400241422764e+70
1.5073512508464328e+69
1.7410748784128239e+68
1.9274998958205653e+67
2.066163390980316e+66
2.1584100451704727e+65
2.2068377490429985e+64
2.216847528288315e+63
2.1922962005854087e+62
2.1388502050355346e+61
2.0606958824779007e+60
1.9618994507135381e+59
1.847534021491407e+58
1.7203911004473705e+57
1.5849371194321575e+56
1.4422172629548712e+55
1.2962858900040451e+54
1.147992005426935e+53
9.99986400967807e+51
8.532561095786263e+50
7.098861134464055e+49
5.7060099428205764e+48
4.3770890614564115e+47
3.116602744934319e+46
1.9405317214145646e+45
8.636095150318478e+43
-9.666997815876963e+41
-9.261620291668597e+41
