9.852764291314618e+70
1.6842737884004924e+73
7.644767355203363e+73
1.7486342227848458e+74
2.961689218526208e+74
4.235154118694545e+74
5.434625187308326e+74
6.470206006019614e+74
7.291633101499872e+74
7.882978334759245e+74
8.25084472390784e+74
8.413288963425916e+74
8.397293389589359e+74
8.234619614004813e+74
7.955382753099839e+74
7.587810586012107e+74
7.157695178197954e+74
6.687222386820361e+74
6.194981534948827e+74
5.695060926162204e+74
3.898650626377452e+74
1.9367510483266522e+74
8.708082990180325e+73
3.658153281158303e+73
1.4631489351773657e+73
5.63761385427426e+72
2.109083606273586e+72
7.704065695841806e+71
2.757240564781821e+71
9.696073803324308e+70
3.3563553198015637e+70
1.1443065409237401e+70
3.846455897722269e+69
1.2745042972858562e+69
4.1609369123232422e+68
1.3366460577984884e+68
4.2176204613199875e+67
1.3035154194408093e+67
3.9282387867501204e+66
1.1464157306268873e+66
3.2036325140683115e+65
8.396214774650243e+64
1.97545792251246e+64
3.696771156351233e+63
2.453151150776717e+62
-2.4460612212967026e+62
-1.849309465441112e+62
-9.239925765686666e+61
-3.90041460327387e+61
-1.4735128162540738e+61
