5.57364591480332e+71
4.289607032826224e+73
1.2352235442857407e+74
2.0914020824079383e+74
2.8305243515059496e+74
3.386222306786489e+74
3.7460741204585663e+74
3.925973529737616e+74
3.9541879869503145e+74
3.863491269745577e+74
3.6849360237431314e+74
3.446877755390794e+74
3.1734111457304723e+74
2.882985043774641e+74
2.5904338567016305e+74
2.3055443363643316e+74
2.035389468397117e+74
1.784608821901145e+74
1.5553887117918487e+74
1.348352691766852e+74
7.504870564654862e+73
2.849858136801281e+73
1.018099638257916e+73
3.4878323300285736e+72
1.1578688619509699e+72
3.745506721963918e+71
1.1848883337343658e+71
3.672404336347877e+70
1.1157796844004898e+70
3.3217173927890247e+69
9.673218671160313e+68
2.7475765531964228e+68
7.574097557050737e+67
2.0101195694982658e+67
5.069871591492562e+66
1.1843451746878061e+66
2.4235209376946206e+65
3.643224378921514e+64
-1.6935756000489035e+62
-3.230638845785225e+63
-1.790778819635305e+63
-7.096822288055414e+62
-2.2879412325060073e+62
-5.728392690582046e+61
-6.929744636001912e+60
3.82941900470201e+60
4.0622733304342666e+60
2.5445156206124903e+60
1.3376359283692366e+60
6.417033670425027e+59
