1.0848982355152083e+71
1.8546032032242844e+73
8.431473400370437e+73
1.9325228314731411e+74
3.2811619043761044e+74
4.704871069643439e+74
6.053421778172246e+74
7.225606805588513e+74
8.165492385057567e+74
8.851035896286343e+74
9.288610757076829e+74
9.497258363929564e+74
9.504466842135571e+74
9.345839322883008e+74
9.052315376982064e+74
8.658061172370151e+74
8.189570684115143e+74
7.671378348785055e+74
7.12618478388548e+74
6.570062483828822e+74
4.545514676582131e+74
2.2948274256890677e+74
1.048604501551801e+74
4.4780734674815124e+73
1.8208408987528846e+73
7.133602404932025e+72
2.7141329787072722e+72
1.0081171362599464e+72
3.6684958022617186e+71
1.3116960458524371e+71
4.6149699079068464e+70
1.599305442441817e+70
5.4611990585459166e+69
1.8370694840697387e+69
6.085540795040537e+68
1.9820466158017303e+68
6.333408169726064e+67
1.978011393540748e+67
6.007728593801328e+66
1.7610347135103513e+66
4.905984954806798e+65
1.2652439938563375e+65
2.83831364172438e+64
4.468350466385157e+63
-2.603836746199112e+62
-6.766009269629633e+62
-4.1479971775253625e+62
-1.9468833443861858e+62
-7.954843244613093e+61
-2.9207398159064605e+61
