2.7055711175224923e+71
3.9465979077731216e+73
1.6639516094791047e+74
3.6313299834459063e+74
5.946417698316056e+74
8.289579585130691e+74
1.043255233163782e+75
1.2233831984590354e+75
1.3636232506649764e+75
1.4624971639705522e+75
1.5222058930198403e+75
1.546813520868343e+75
1.5413571639324124e+75
1.5113568195595752e+75
1.461703142173161e+75
1.3970773087684075e+75
1.3220119728282145e+75
1.239907612132714e+75
1.1540322121850242e+75
1.0666889017023125e+75
7.48564368206078e+74
3.906625518406708e+74
1.863575303480741e+74
8.367146004497402e+73
3.5955550683660835e+73
1.4939299939165755e+73
6.038912854737766e+72
2.3843857520705797e+72
9.22142236974812e+71
3.4967123561517745e+71
1.3010061605388235e+71
4.744896642045791e+70
1.693715171322875e+70
5.899874904892091e+69
1.9958142808077557e+69
6.507007761248177e+68
2.016382111441174e+68
5.796759151224427e+67
1.46206012005402e+67
2.7049816373498453e+66
-2.738339146713208e+64
-3.8122242365380806e+65
-2.660572849137641e+65
-1.3541807119153388e+65
-5.827645526473983e+64
-2.1526192695384512e+64
-6.371619287801244e+63
-9.604346298739246e+62
5.540592564954414e+62
7.326553720911945e+62
