4.646107698087146e+71
5.057947854186896e+73
1.8117906041527625e+74
3.527018412688011e+74
5.290108876375104e+74
6.874242980269006e+74
8.16606482434966e+74
9.123913603373063e+74
9.752992135428636e+74
1.0081458573793864e+75
1.0151956315628693e+75
1.0010357960575617e+75
9.702172385176987e+74
9.267458052543026e+74
8.744657537657167e+74
8.166449228062972e+74
7.557755657143038e+74
6.93758803844919e+74
6.325722919424328e+74
5.732420269601987e+74
3.7486006331978076e+74
1.7804463507938142e+74
7.814218227108001e+73
3.2513907029200005e+73
1.3007024779565196e+73
5.0454090858957425e+72
1.9073175674880747e+72
7.047532245732104e+71
2.5484491932951714e+71
9.021505754474755e+70
3.124013084220075e+70
1.0550278677977264e+70
3.463391275480905e+69
1.0973615881260725e+69
3.317514891463284e+68
9.372298388519204e+67
2.3706035626886202e+67
4.7506099201937175e+66
3.427079613703965e+65
-3.4408894119638827e+65
-2.7137426126645837e+65
-1.3800778823767145e+65
-5.716530899560551e+64
-1.966199084268295e+64
-4.984067402730684e+63
-1.9581852777304758e+62
8.987052213332547e+62
8.53832156118513e+62
5.79983077076609e+62
3.4394012407985646e+62
