5.640752123133576e+69
4.229333290893831e+71
9.312624172860949e+71
1.0976380015864805e+72
9.957706133961082e+71
7.8399825807309835e+71
5.650029847773618e+71
3.829579512654696e+71
2.482989336323294e+71
1.5557085309301656e+71
9.481258553445119e+70
5.646703607034787e+70
3.300184569503028e+70
1.8961012401656774e+70
1.0739345126919993e+70
6.0074167649124834e+69
3.320172147007262e+69
1.817256411266726e+69
9.848068910847762e+68
5.295341842628064e+68
4.565572859129583e+67
9.385234089731476e+65
1.6715995226512986e+64
2.7156954053913663e+62
4.145095359250215e+60
6.053132608562177e+58
8.532901025300613e+56
1.1708858439046706e+55
1.5702271649800867e+53
2.0643645699359038e+51
2.668379379100514e+49
3.397780954186e+47
4.2664565721323124e+45
5.28993751219029e+43
6.481617429917475e+41
7.85095919945863e+39
9.397452979789975e+37
1.1122195640660033e+36
1.300301278564761e+34
1.5002438823994786e+32
1.705416087603861e+30
1.904682206341807e+28
2.0820765780028087e+26
2.2147242376169936e+24
2.270048820578308e+22
2.2102553840480915e+20
1.976452415380718e+18
1.5067909809298418e+16
72546478722557.75
-460030459916.6938
