4.933008392481555e+71
5.119161220070599e+73
1.7604484991992248e+74
3.33242168608788e+74
4.895524242617234e+74
6.259484684527971e+74
7.336122034975089e+74
8.103310656606326e+74
8.573378226756097e+74
8.780227100200738e+74
8.766140561097453e+74
8.572453085161106e+74
8.24385229634383e+74
7.81502928533649e+74
7.321821926657423e+74
6.790053588268657e+74
6.241234755464082e+74
5.691806438650004e+74
5.156403449179728e+74
4.643396684767696e+74
2.9683790547065787e+74
1.36694007699052e+74
5.832616214224611e+73
2.3641966003095648e+73
9.226416263208238e+72
3.494028172633821e+72
1.2901432799207893e+72
4.656578533525124e+71
1.6452140446173047e+71
5.688736290172801e+70
1.9227932849395454e+70
6.335029218553038e+69
2.025480539158699e+69
6.235868893971943e+68
1.8252455678275914e+68
4.9558601923493855e+67
1.1831917052871756e+67
2.104215304514102e+66
1.7897289223808632e+64
-2.3269694862343887e+65
-1.5395925601089546e+65
-7.227705458750711e+64
-2.794900092455994e+64
-8.785319078615753e+63
-1.7888589376143325e+63
2.600377061794555e+62
6.044185020840259e+62
4.828240920025861e+62
3.049754888836476e+62
1.7232629819111966e+62
