5.200154639556155e+71
4.9581135953578146e+73
1.5944958698942988e+74
2.889244733883167e+74
4.114293583960182e+74
5.134690597149404e+74
5.899034454347407e+74
6.404178484855103e+74
6.670865124881179e+74
6.734117825910168e+74
6.632095230512016e+74
6.402898500594915e+74
6.080874574353162e+74
5.696381794969195e+74
5.274779330869806e+74
4.836724229252312e+74
4.3967106629525227e+74
3.967741060227363e+74
3.557127669480713e+74
3.170851460123577e+74
1.9546616418535974e+74
8.56787244060995e+73
3.4995268631182917e+73
1.3623935311471427e+73
5.118846369053503e+72
1.869760884334414e+72
6.665469554716238e+71
2.325052921611335e+71
7.943932516917086e+70
2.6573230592457518e+70
8.692650867305413e+69
2.772075181741413e+69
8.580016746301663e+68
2.5577001526258804e+68
7.244375922292315e+67
1.9029306222947978e+67
4.391311836384425e+66
7.510701309534466e+65
2.6053911192124856e+63
-8.010181910958123e+64
-5.078917983504355e+64
-2.2957023485955865e+64
-8.519464700758955e+63
-2.545943582846202e+63
-4.66403551111712e+62
1.0356091791792598e+62
1.8127013059341991e+62
1.3606425952714928e+62
8.234797763728954e+61
4.4855322128773864e+61
