1.7905847149206506e+71
3.0945751893780085e+73
1.4485692227655315e+74
3.437166748229927e+74
6.051373705481595e+74
8.994012228578071e+74
1.1987143446269666e+75
1.4803623905683093e+75
1.7287466311728296e+75
1.934154342790406e+75
2.092889354358671e+75
2.2040436015825984e+75
2.27048124515627e+75
2.2961985743503013e+75
2.2870034275525158e+75
2.2479587376256535e+75
2.1840855096956213e+75
2.101239434400726e+75
2.0040451192917087e+75
1.8963527362811047e+75
1.4482720750624459e+75
8.477550579704253e+74
4.4860913232300967e+74
2.2168544999297303e+74
1.0419289766740123e+74
4.714131366198853e+73
2.0687534144653474e+73
8.848793470140997e+72
3.702734257894798e+72
1.5185299292287551e+72
6.112297610348131e+71
2.415462662078297e+71
9.368315952906834e+70
3.561077659503873e+70
1.3234302379206966e+70
4.790833569810847e+69
1.6788205991277779e+69
5.636190643364896e+68
1.7794300909911643e+68
5.085003588631598e+67
1.1888381136918803e+67
1.3590722666427992e+66
-7.749893296504987e+65
-7.9498066281923185e+65
-4.836786892455587e+65
-2.4263393504953896e+65
-1.0720908639927483e+65
-4.179575327251412e+64
-1.359793398661549e+64
-2.8295060350289098e+63
