3.0035067377237116e+71
4.668420990650825e+73
2.094063514189449e+74
4.847491706093309e+74
8.389766295366132e+74
1.2319273801937235e+75
1.6265705894708626e+75
1.9945773607620823e+75
2.316396419312693e+75
2.5813810809816445e+75
2.7852717379868637e+75
2.928247744428961e+75
3.0143847941551116e+75
3.0486635318050335e+75
3.0380411438142527e+75
2.9898049413141067e+75
2.9103800708032526e+75
2.8065387415397305e+75
2.6836670400982474e+75
2.5476900699293214e+75
1.9742656252845412e+75
1.1893085575366687e+75
6.511640027774173e+74
3.340612194444892e+74
1.6341179882926118e+74
7.704094251518889e+73
3.5240017370801834e+73
1.5708144900061648e+73
6.839469671999052e+72
2.914080518645026e+72
1.2150047406166206e+72
4.953550625839357e+71
1.9708636810594738e+71
7.625637491591838e+70
2.8525809347981065e+70
1.020957174643408e+70
3.434904965868445e+69
1.0462992620665908e+69
2.6222384864647294e+68
3.382598645677938e+67
-1.7230319838273818e+67
-1.9422263442574756e+67
-1.2432728582141437e+67
-6.4663246296366885e+66
-2.8970863200402976e+66
-1.0970857640845662e+66
-2.999610788719843e+65
1.7084704627741633e+63
8.669863030549871e+64
8.961054490401042e+64
