7.515955958788594e+70
1.3022343884755197e+73
5.980710309888912e+73
1.377928537138981e+74
2.34260916045859e+74
3.3547219624394446e+74
4.303913870499946e+74
5.113080446835106e+74
5.745245912775501e+74
6.185448604339405e+74
6.440820027918138e+74
6.527201276527817e+74
6.471198096662481e+74
6.297672520265765e+74
6.034875317123233e+74
5.706884704418539e+74
5.334828934461929e+74
4.936645493734426e+74
4.527424300932453e+74
4.1195597773955196e+74
2.7019737453275246e+74
1.2477483037803346e+74
5.1781697500478556e+73
1.9959938162499342e+73
7.291725356005371e+72
2.557363585693953e+72
8.685360666817855e+71
2.8728749664845613e+71
9.294862099407095e+70
2.950167827850097e+70
9.204748896569853e+69
2.8263737115862787e+69
8.549008758174185e+68
2.547598781776978e+68
7.47701158980996e+67
2.1596036406453003e+67
6.129329203294896e+66
1.7044850046708443e+66
4.628313586109748e+65
1.2197612657766743e+65
3.0894395685349745e+64
7.394024175421651e+63
1.6161583699536291e+63
2.9615698062097795e+62
3.108801338616599e+61
-7.84114475305696e+60
-7.253812507566083e+60
-3.505973344376674e+60
-1.3817409316711459e+60
-4.8425408424392325e+59
