2.6383802041809275e+71
4.261184338910587e+73
1.9417108894360355e+74
4.539018562183305e+74
7.914398673872062e+74
1.1687732576953064e+75
1.55029556255677e+75
1.9084423583718354e+75
2.2236407055131182e+75
2.4847364715815637e+75
2.686754891643031e+75
2.8299981810678412e+75
2.9177020865501392e+75
2.954709610565115e+75
2.9475006651535245e+75
2.9028012974675157e+75
2.8273849787495803e+75
2.727804285309416e+75
2.609096539111761e+75
2.47748990991177e+75
1.9197554234158473e+75
1.153825142072991e+75
6.293389105313273e+74
3.212686324208919e+74
1.5625533261319486e+74
7.322742761478889e+73
3.328781588792878e+73
1.4743986386401626e+73
6.382497834397401e+72
2.70429437167773e+72
1.1221005892927242e+72
4.557575615680041e+71
1.8094444748280564e+71
6.998999737584739e+70
2.6259341752870304e+70
9.474200065494228e+69
3.2423204485876124e+69
1.0244391171904402e+69
2.807053933965045e+68
5.385235727961473e+67
-3.766848354926739e+66
-1.1900725988533279e+67
-8.753666231591644e+66
-4.8597127912809675e+66
-2.3083046279887497e+66
-9.494808975898765e+65
-3.1807853281223454e+65
-6.042837531839714e+64
2.589810944993984e+64
4.320010132231017e+64
