5.585722497954552e+71
6.582663588196541e+73
2.39831303391304e+74
4.768149790458963e+74
7.315745487009911e+74
9.727749208422533e+74
1.1818575406222284e+75
1.349563670080453e+75
1.4739507664068094e+75
1.556116318373354e+75
1.5998818623946751e+75
1.6103293303618013e+75
1.5928568611349802e+75
1.5528683355379344e+75
1.4954071311626854e+75
1.4252687720431454e+75
1.34590511880818e+75
1.261057782944478e+75
1.1732107939354643e+75
1.0849242176465995e+75
7.669427795182924e+74
4.0992477097688703e+74
2.0238580262812165e+74
9.469860984904334e+73
4.257191086995915e+73
1.854371383426988e+73
7.86510208327577e+72
3.2577630920255352e+72
1.3192408105210218e+72
5.223532344198464e+71
2.01981028357108e+71
7.604403664311289e+70
2.775874951722881e+70
9.736038223318539e+69
3.23810691659249e+69
9.937890359263306e+68
2.645142869929891e+68
4.964522380873621e+67
-2.8357746318537317e+66
-9.751833988313424e+66
-6.875586316149088e+66
-3.607140715161655e+66
-1.5777844104005697e+66
-5.643965692208349e+65
-1.3179982646084083e+65
2.0926372971114606e+64
5.695728390674072e+64
5.210676748910419e+64
3.7632743419038694e+64
2.4325364796484722e+64
