5.51855962667188e+71
6.577483911257525e+73
2.4351989478503757e+74
4.902085146968538e+74
7.598409513328256e+74
1.018731338111204e+75
1.2463490811313983e+75
1.4322582472091897e+75
1.5727932965491203e+75
1.668823371563892e+75
1.7238759984812998e+75
1.742768086925896e+75
1.7312046884207683e+75
1.6944949606340732e+75
1.6384212900258656e+75
1.5674651524696888e+75
1.4857959269741668e+75
1.3973316213751731e+75
1.3046907560336249e+75
1.2107163679649204e+75
8.672140646996608e+74
4.723661025452802e+74
2.3746172974182724e+74
1.1305253640807512e+74
5.170993612775193e+73
2.290787995382121e+73
9.880243234525413e+72
4.161500975139801e+72
1.7138040371076118e+72
6.902876052926153e+71
2.715454206370261e+71
1.0407149568432071e+71
3.8689621409505805e+70
1.3840757282053632e+70
4.703576071083551e+69
1.4806233358068951e+69
4.086550002950881e+68
8.280603765575474e+67
-6.35628444337419e+65
-1.3598053013719403e+67
-1.0277836844798333e+67
-5.610209892681834e+66
-2.548291823719814e+66
-9.590950604195066e+65
-2.5345083730759214e+65
9.948318586805804e+63
8.091783713638871e+64
8.033320411108827e+64
6.0381191568395e+64
4.012545518619718e+64
