1.9496548324812523e+71
3.332503907966492e+73
1.553242562663999e+74
3.679320407379587e+74
6.472581169714791e+74
9.620769012513675e+74
1.2822148509673977e+75
1.5843660873435865e+75
1.8510754328272713e+75
2.072772143491622e+75
2.2444196370229575e+75
2.365764750829608e+75
2.4393977571840252e+75
2.4699435708269295e+75
2.4625926304162034e+75
2.4228343755730465e+75
2.357016915174036e+75
2.270407268316978e+75
2.168251523644517e+75
2.0548017374857072e+75
1.5775988807177994e+75
9.318829391543054e+74
4.979304001458743e+74
2.4851728897795906e+74
1.1804743872533385e+74
5.398338040349084e+73
2.3942470140492604e+73
1.0351436195103219e+73
4.377155482104271e+72
1.8139232624000738e+72
7.373070974096493e+71
2.941683352068989e+71
1.1509521753632498e+71
4.4081172164447497e+70
1.6485076363638345e+70
5.992323266069147e+69
2.101615604435575e+69
7.021515537918066e+68
2.181842705240199e+68
5.99241355395895e+67
1.239341342601864e+67
2.2255725708111225e+65
-1.761690016540853e+66
-1.3891393655478998e+66
-7.857838659784859e+65
-3.786833277084112e+65
-1.6116555936008364e+65
-5.939272089679204e+64
-1.6917274240560558e+64
-1.5345889284357597e+63
