5.71497902097973e+71
6.51275299787416e+73
2.289505970263855e+74
4.432469929863626e+74
6.662910429734763e+74
8.712896851317821e+74
1.0437786892460896e+75
1.17766339563476e+75
1.2721341135814688e+75
1.3296652130317195e+75
1.3543165410260129e+75
1.3511044078543532e+75
1.3251081906420881e+75
1.2813283660124652e+75
1.2241351339699822e+75
1.1575753304673349e+75
1.084798175683831e+75
1.0087983839394308e+75
9.318341629517496e+74
8.554433817827083e+74
5.88835911163784e+74
3.0306751412205827e+74
1.4444064983810584e+74
6.533325690218042e+73
2.8421768587376006e+73
1.1990130182127298e+73
4.92633658310751e+72
1.977260424534485e+72
7.759033134442063e+71
2.977024290565858e+71
1.1150132975506815e+71
4.06409794655315e+70
1.4347142832829156e+70
4.861028700616891e+69
1.5571619741451942e+69
4.576626755962635e+68
1.151456082230436e+68
1.9138823564250297e+67
-2.520208998568652e+66
-4.603664920005191e+66
-2.9777476621155877e+66
-1.4715589073768507e+66
-6.059496581106241e+65
-1.9970898648551955e+65
-3.712329440158217e+64
1.5077755525749592e+64
2.4336458239155312e+64
2.0164359243062605e+64
1.3750267270971902e+64
8.496857071031143e+63
