5.817041641568282e+71
2.4900321303572616e+73
6.419175849628807e+73
1.0094132624719316e+74
1.2713932061482496e+74
1.4119598319263581e+74
1.4452044898212561e+74
1.396677303112693e+74
1.2927955277453326e+74
1.1571973543565202e+74
1.008422226800685e+74
8.596474430696628e+73
7.195456896346813e+73
5.932295980611372e+73
4.8288433983152776e+73
3.888341752910699e+73
3.102932684935304e+73
2.457601334955344e+73
1.934118427674753e+73
1.514163677145026e+73
5.717573398815846e+72
1.2381544766251032e+72
2.624509021245008e+71
5.5041745615093823e+70
1.1403725744694772e+70
2.3270534682334042e+69
4.6701131278080315e+68
9.212675459836269e+67
1.7851408375570362e+67
3.395194718912884e+66
6.32894877742996e+65
1.1533489552244953e+65
2.0470167031717318e+64
3.515726333293672e+63
5.789900034090573e+62
8.985538371431536e+61
1.2719995147536254e+61
1.5162613857109902e+60
1.1046266524667534e+59
-1.1939434978322466e+58
-7.834316891870618e+57
-2.280467360972616e+57
-4.989840699060445e+56
-8.2809611906553e+55
-6.738148562366558e+54
2.203725357321065e+54
1.5367481567735436e+54
6.19593661367939e+53
2.085709486913378e+53
6.391932392086702e+52
