8.678962702613911e+70
1.514646926415552e+73
7.022033720642776e+73
1.634326363480996e+74
2.808392329508649e+74
4.0647539349184714e+74
5.269748832295476e+74
6.328185936675251e+74
7.183844647842865e+74
7.815110045797795e+74
8.218316156421042e+74
8.413737092719734e+74
8.426675422985498e+74
8.283836562255098e+74
8.017754670595796e+74
7.659074898962059e+74
7.23075881985894e+74
6.758769651770256e+74
6.261718434892726e+74
5.755467928576747e+74
3.9249324703753654e+74
1.926358553886867e+74
8.506955635469133e+73
3.4944261773420205e+73
1.361707871100705e+73
5.097276149357016e+72
1.8480535127126937e+72
6.528733419553419e+71
2.255823637133518e+71
7.648441614047639e+70
2.548620086968226e+70
8.357663257710351e+69
2.6988917006689422e+69
8.58279691270585e+68
2.6869260302992015e+68
8.271212930248635e+67
2.499084703740547e+67
7.388439818864507e+66
2.1285379513972287e+66
5.931934751561737e+65
1.5796011787086522e+65
3.935850827811787e+64
8.754006115178031e+63
1.5147720592454319e+63
6.621951841974764e+61
-1.1074720234813706e+62
-7.525053748034906e+61
-3.532259492380723e+61
-1.4170648789445952e+61
-5.107333058799363e+60
