5.121009337586305e+71
6.315128420315909e+73
2.489521071486623e+74
5.271395329842858e+74
8.51718241584246e+74
1.182439954428654e+75
1.4902074686049552e+75
1.7571378539136385e+75
1.9740228090278464e+75
2.1379892479921504e+75
2.250467299154356e+75
2.3154761280024706e+75
2.3382131523679923e+75
2.3249961730995922e+75
2.281810708825863e+75
2.2147613029586837e+75
2.128920207909009e+75
2.029284345083582e+75
1.9200486197737425e+75
1.8050295902885924e+75
1.3555850027856406e+75
7.891304069907806e+74
4.220735612447292e+74
2.131711233325974e+74
1.0317710191199159e+74
4.830700889656628e+73
2.199894314969104e+73
9.77660025070631e+72
4.247767536556957e+72
1.8050983963299034e+72
7.499113719568093e+71
3.039169181062963e+71
1.1974263633283893e+71
4.559212061936113e+70
1.6604989145462685e+70
5.679162645764911e+69
1.75748265789885e+69
4.469562252575625e+68
5.806120541821935e+67
-3.059713141745964e+67
-3.4575896480060884e+67
-2.2257991306750777e+67
-1.1554292375773592e+67
-5.092517214610735e+66
-1.818553175586021e+66
-3.8102424907138696e+65
1.4063137164449205e+65
2.636649716436329e+65
2.3963376864168683e+65
1.7784221022451417e+65
