9.904321947065067e+70
1.7433059759293644e+73
8.135934101873977e+73
1.9083779427216527e+74
3.3073016205357153e+74
4.829512793187357e+74
6.317128531015574e+74
7.653078264331037e+74
8.76415494485163e+74
9.616937454191464e+74
1.0202042880648756e+75
1.0535949321976906e+75
1.0641680377859153e+75
1.0550269368709839e+75
1.0301656972016457e+75
9.923495287085196e+74
9.450661227040993e+74
8.909795468916311e+74
8.326142289616069e+74
7.720015096621173e+74
5.443838496451987e+74
2.8146563014593307e+74
1.3113798182650703e+74
5.68881136628441e+73
2.3436435135466045e+73
9.27886093720083e+72
3.559928877136728e+72
1.331173064014485e+72
4.869937481319587e+71
1.7477071167718855e+71
6.164164682030715e+70
2.1393736072600275e+70
7.309515975616724e+69
2.4581082725724645e+69
8.132246395342464e+68
2.643420401898335e+68
8.42304507503767e+67
2.6226462666958668e+67
7.932513491645469e+66
2.3121202814403564e+66
6.398859857530668e+65
1.633802843463066e+65
3.599034851559566e+64
5.358537479903289e+63
-5.269309317888012e+62
-9.513069309516427e+62
-5.649299700530263e+62
-2.6194103162431202e+62
-1.0643594655923854e+62
-3.910841146006493e+61
