4.249515594424563e+71
5.738766188033734e+73
2.427048829049217e+74
5.40344668438941e+74
9.080400406168706e+74
1.301619570448004e+75
1.684603755901022e+75
2.0313410050359157e+75
2.3256526937734233e+75
2.5602687568137137e+75
2.733468857258749e+75
2.8476533295267225e+75
2.9080642046523184e+75
2.920720714892735e+75
2.8927787757615724e+75
2.831275251857874e+75
2.7424881527126487e+75
2.6329492124378277e+75
2.5081578261909577e+75
2.372500767785599e+75
1.8193959935849997e+75
1.08563515949889e+75
5.919172756042312e+74
3.034666947026824e+74
1.4872469582766964e+74
7.034753967986096e+73
3.230769935023283e+73
1.4462916052384657e+73
6.324561984484667e+72
2.7033267390562703e+72
1.1288759914655726e+72
4.59869945646958e+71
1.8210597974550648e+71
6.971859348951746e+70
2.556003619360569e+70
8.818173873663155e+69
2.7682722966566243e+69
7.248461329355213e+68
1.0826059408829535e+68
-3.8174362200752114e+67
-4.954094430971718e+67
-3.294485443459257e+67
-1.7473056822513322e+67
-7.878125126478361e+66
-2.930208033684815e+66
-7.160976598754918e+65
1.1716224303678504e+65
3.3826681199315746e+65
3.2520023842251436e+65
2.467876111969548e+65
