1.3550754332804984e+70
1.5820114487471454e+72
5.1092339739360205e+72
8.473998807947313e+72
1.0526174333399565e+73
1.1143185957601728e+73
1.0658160445706899e+73
9.509002948396507e+72
8.070354931307827e+72
6.5909572219250406e+72
5.225948123379005e+72
4.042411921534388e+72
3.064710343614868e+72
2.2840008606875167e+72
1.6772158331095126e+72
1.2158758485812023e+72
8.716817996851351e+71
6.181405960282767e+71
4.343458104221238e+71
3.0272685578834726e+71
7.085573441866573e+70
6.692537189724329e+69
5.530546494870621e+68
4.1763801946504374e+67
2.9632857161032978e+66
2.0097001561654084e+65
1.3171124969405068e+64
8.403343500795682e+62
5.243938580878524e+61
3.212435655662887e+60
1.9361091806509323e+59
1.1508441648059533e+58
6.751943373050703e+56
3.912462358941714e+55
2.2407620721795933e+54
1.2690366807497911e+53
7.100968748616923e+51
3.924659807414479e+50
2.1397718558184407e+49
1.1481021622763621e+48
6.049478115973875e+46
3.1156812320763844e+45
1.5571746296993152e+44
7.474673116663209e+42
3.376560511457135e+41
1.3784618368054713e+40
4.53010741697667e+38
6.053384662773457e+36
-8.038237735147224e+35
-1.1021305032227078e+35
