3.537196881199975e+71
5.176485375034251e+73
2.2661122791077303e+74
5.162901313678272e+74
8.830462371364755e+74
1.2840683265529448e+75
1.6815760063185517e+75
2.0479567112740063e+75
2.364467551358814e+75
2.621989079199588e+75
2.8168008222287023e+75
2.9502223663717784e+75
3.0270181217776253e+75
3.0529367871889504e+75
3.034763883497214e+75
2.9796473501472044e+75
2.8949229645142262e+75
2.78662209500169e+75
2.6609525417335164e+75
2.5222642786112894e+75
1.9467975999329033e+75
1.168775851548672e+75
6.392323096247555e+74
3.2809704939341193e+74
1.60727396768803e+74
7.593041207799458e+73
3.4817810717374537e+73
1.5555059358644777e+73
6.788920127453916e+72
2.8975338544064424e+72
1.2094330451061207e+72
4.929097759899672e+71
1.957230367212928e+71
7.537485749875058e+70
2.793405081064942e+70
9.832456631439884e+69
3.208441056917085e+69
9.18169835075759e+68
1.9322789236770198e+68
-1.4349078492583125e+66
-3.418347736461893e+67
-2.702255047740964e+67
-1.5522939488203864e+67
-7.51137342613591e+66
-3.1045999212849605e+66
-1.0106027632234168e+66
-1.4790979573685294e+65
1.3919927195456507e+65
1.8872997249172257e+65
1.5857721800979843e+65
