5.88296522228845e+71
6.072993234583817e+73
1.9784321344384041e+74
3.633304102584391e+74
5.250169530748918e+74
6.651260144469766e+74
7.755556469729317e+74
8.543166737842877e+74
9.028495492929962e+74
9.24439500602191e+74
9.233107644347267e+74
9.038647124606097e+74
8.704407559110769e+74
8.267297199670192e+74
7.76106664662963e+74
7.213709339357499e+74
6.647129542611788e+74
6.079791220541599e+74
5.524106247450408e+74
4.990498504348221e+74
3.2375101628460614e+74
1.5321709423848782e+74
6.753239482859755e+73
2.8362387246872806e+73
1.1490596281455538e+73
4.522463661774962e+72
1.7363394240364208e+72
6.519387207821743e+71
2.39500686567044e+71
8.607113733267705e+70
3.020380665870848e+70
1.0316305842975197e+70
3.410578570775326e+69
1.0817463750012505e+69
3.2394077995455947e+68
8.873237363473361e+67
2.060611593367531e+67
3.0138281219836965e+66
-5.362880934353657e+65
-7.511875304040371e+65
-4.42387410326151e+65
-2.0125545648000596e+65
-7.58174954195291e+64
-2.213247710817108e+64
-2.8418856230825356e+63
2.4590811320723e+63
2.9378292793491395e+63
2.1772943693811564e+63
1.367244968351249e+63
7.86076773459123e+62
