1.1378988967697755e+71
2.008536597393981e+73
9.419953099720124e+73
2.223123707487086e+74
3.8771904253755466e+74
5.700160775304536e+74
7.507355614048244e+74
9.157314626298637e+74
1.055940229271012e+75
1.1667785042721505e+75
1.2463169675142995e+75
1.2959550233358025e+75
1.3177388072626168e+75
1.315592536977019e+75
1.293189011486328e+75
1.2541562053107193e+75
1.202511717031619e+75
1.1414699915558045e+75
1.0740521277884799e+75
1.002783345015287e+75
7.261738293712119e+74
3.912323509852231e+74
1.9014266432917543e+74
8.609519019348696e+73
3.7032626784759686e+73
1.531451144438343e+73
6.138911712679719e+72
2.3984130027070922e+72
9.165739710418106e+71
3.435826645579416e+71
1.2657262214501642e+71
4.586079986014776e+70
1.63503691263958e+70
5.7347634026804895e+69
1.9773409124354395e+69
6.689589906204516e+68
2.2150461205289544e+68
7.149259482461169e+67
2.2346458087348007e+67
6.691016405863986e+66
1.882636698827339e+66
4.783219964397128e+65
9.824007996109196e+64
8.733294729678164e+63
-6.115926051737921e+63
-5.2883553050149036e+63
-2.8688057156698517e+63
-1.3016462797521928e+63
-5.271608515333726e+62
-1.9252725763999533e+62
