6.136348601855554e+71
4.862639102108683e+73
1.4014955924500295e+74
2.3892847710700314e+74
3.2630696192332294e+74
3.9392008459934954e+74
4.396222908798799e+74
4.645473270978277e+74
4.71596633638458e+74
4.642109974369605e+74
4.458864628304299e+74
4.1999446960017034e+74
3.8920870746400827e+74
3.5585056990852063e+74
3.216755424699522e+74
2.8795739256781864e+74
2.557071009567464e+74
2.2544363728260527e+74
1.975526578335431e+74
1.7217705885426647e+74
9.776886408239274e+73
3.827775312780565e+73
1.411697488914776e+73
4.9968750274490056e+72
1.7142242060871878e+72
5.729747183755107e+71
1.8720478591921356e+71
5.990110230346342e+70
1.8776423163019756e+70
5.762042055058532e+69
1.7280297517977953e+69
5.047995083570829e+68
1.428801903352495e+68
3.8829809630444956e+67
9.981971663782586e+66
2.353733441278527e+66
4.749875106009211e+65
6.347552857926012e+64
-6.517683351776984e+63
-9.636048591081919e+63
-4.957553357098008e+63
-1.9272704504039285e+63
-6.104809972034396e+62
-1.44082690367344e+62
-9.128070252130904e+60
1.7357523017502313e+61
1.5443946145622692e+61
9.46247220894806e+60
5.0066622168810596e+60
2.4448200491277486e+60
