5.77964964652827e+71
6.440020811550204e+73
2.2179957988484644e+74
4.2309343255668276e+74
6.288995732302553e+74
8.150710242553914e+74
9.690882941379846e+74
1.0861905878956556e+75
1.166307121391372e+75
1.2123056404650649e+75
1.228348018405621e+75
1.2194709958952458e+75
1.1902611065991631e+75
1.1456847619449787e+75
1.08957818058914e+75
1.0258309989751105e+75
9.571808838026353e+74
8.864163019279935e+74
8.152974389392393e+74
7.4551031576562e+74
5.055965891699583e+74
2.5483609335668934e+74
1.191167949208354e+74
5.2892452476870454e+73
2.2613218105939157e+73
9.377646648041421e+72
3.7895128650149774e+72
1.4962121373963116e+72
5.777646008419827e+71
2.1809756386198369e+71
8.038721152162203e+70
2.8823310547059213e+70
1.0007180330574899e+70
3.332645843074227e+69
1.0478699218270843e+69
3.0174194540429157e+68
7.385320696200452e+67
1.1566315292682309e+67
-1.965703620138865e+66
-3.03209072498904e+66
-1.8913049547142374e+66
-9.097548406086223e+65
-3.640372588675116e+65
-1.1500947222201742e+65
-1.8653226054157366e+64
1.0823473003956691e+64
1.517979796528454e+64
1.2094702250802018e+64
8.033520019763453e+63
4.867539113153281e+63
