2.14237915196795e+70
3.0065346467958324e+72
1.1210365246401214e+73
2.1191505393940693e+73
2.977952450555651e+73
3.546642651398806e+73
3.80251518457104e+73
3.7937723090519e+73
3.5918316592416875e+73
3.26816325163648e+73
2.8823552966454353e+73
2.4799245159252126e+73
2.0894004208211052e+73
1.72949588171653e+73
1.4102523119816757e+73
1.1354313183514231e+73
9.036477612676001e+72
7.119540781617845e+72
5.5570701087647115e+72
4.3027164788224296e+72
1.50925501227333e+72
2.650878457427474e+71
4.102650208449508e+70
5.817911293019842e+69
7.753659918721771e+68
9.874721706248506e+67
1.2143225411144812e+67
1.451914332102154e+66
1.6960778128111288e+65
1.9432842116806634e+64
2.1890046038141224e+63
2.428081229870613e+62
2.6560526526913695e+61
2.8669945578779645e+60
3.0558223560334876e+59
3.215424220766562e+58
3.338553448155664e+57
3.419234445207461e+56
3.447067448194121e+55
3.4136727986747454e+54
3.3104447690686213e+53
3.125900250698382e+52
2.8489063842935124e+51
2.4730815640438704e+50
1.99093437174541e+49
1.3931416463119152e+48
6.856247110439396e+46
-1.2804171123063228e+45
-1.0309168134293868e+45
-1.991544225355145e+44
