6.462194828244082e+70
1.1082716624532667e+73
5.019858448227779e+73
1.1407878760793404e+74
1.9138660344812646e+74
2.7047457848560437e+74
3.4243940558156474e+74
4.017634269266504e+74
4.4574550956210083e+74
4.739758638650942e+74
4.875369579575818e+74
4.880561950063607e+74
4.779654866652789e+74
4.596850599752183e+74
4.352523262179831e+74
4.067130183169199e+74
3.7566013783205913e+74
3.435015664668048e+74
3.11266001631919e+74
2.798834938825352e+74
1.7515062751619825e+74
7.52432808566842e+73
2.898927160304681e+73
1.0361014846120887e+73
3.5061038281506195e+72
1.138367712578985e+72
3.5763952793399967e+71
1.0942954939677851e+71
3.274328925339973e+70
9.610686273483792e+69
2.7722745870135205e+69
7.873435333146492e+68
2.2029769712043315e+68
6.075710122283633e+67
1.6506206977142544e+67
4.416434032788963e+66
1.1622033869008608e+66
3.00003043275918e+65
7.575352747641062e+64
1.8617724784015033e+64
4.416378631265838e+63
9.975189778793302e+62
2.0902994121717827e+62
3.830918133672708e+61
5.052814183270768e+60
-1.41709348374371e+59
-4.506300056411497e+59
-2.300749617543164e+59
-8.878754272215755e+58
-2.9880900576247055e+58
