5.200504653511872e+71
6.377023639543788e+73
2.487494638153815e+74
5.223264982196073e+74
8.382419963806384e+74
1.1571415064347744e+75
1.451270964784797e+75
1.7040700522931848e+75
1.907236969467214e+75
2.0587832352745538e+75
2.160726728810281e+75
2.2168238254236557e+75
2.2328885148457533e+75
2.2149722010995246e+75
2.168940818738193e+75
2.1005257054162097e+75
2.0150666967247366e+75
1.9169186563556907e+75
1.8102190555081e+75
1.69854734325761e+75
1.2667987162301298e+75
7.305926970601531e+74
3.87452913636996e+74
1.9407633533680794e+74
9.323232301602529e+73
4.3329240616057634e+73
1.9590163159082984e+73
8.644459751101193e+72
3.729303700751746e+72
1.5737924286809613e+72
6.491789043677935e+71
2.6117449762777497e+71
1.0214822528781617e+71
3.858455130481247e+70
1.3925285775984712e+70
4.714637189289401e+69
1.439147779633105e+69
3.5692934965586418e+68
4.138607291240836e+67
-2.7934571716010295e+67
-2.934874699749857e+67
-1.8435158297989566e+67
-9.414892051393383e+66
-4.0672600367053104e+66
-1.4074985257015492e+66
-2.643985624725868e+65
1.3965561623951458e+65
2.261712841385893e+65
1.989788992538744e+65
1.4526201391098105e+65
