6.203853555374839e+71
4.164201262607217e+73
1.1432193371701214e+74
1.894348910027384e+74
2.525252732569175e+74
2.979735390711932e+74
3.251234285486521e+74
3.3591651973052067e+74
3.3330789598508545e+74
3.206444359844972e+74
3.009369265068389e+74
2.768547236364802e+74
2.505844057512741e+74
2.2372139968793898e+74
1.9749984890638397e+74
1.726770660112983e+74
1.4974080823014263e+74
1.2896110631351645e+74
1.103945235993671e+74
9.403172734576888e+73
4.898740703143971e+73
1.6956608951842304e+73
5.568509881219443e+72
1.7631692380848696e+72
5.42322241242671e+71
1.6275934671005971e+71
4.7789230871875453e+70
1.3747909698541798e+70
3.8762867002041144e+69
1.0706731097449537e+69
2.8918040870768115e+68
7.614324150680761e+67
1.9444417528502757e+67
4.7766037943772185e+66
1.113175780466749e+66
2.396947360635843e+65
4.489549876713047e+64
6.021172484263861e+63
-1.5142864479231364e+62
-5.230747158131469e+62
-2.583312989051556e+62
-9.257822000066192e+61
-2.676052381999043e+61
-5.753642850196668e+60
-3.522556641070604e+59
5.4700895865402405e+59
4.433850275388781e+59
2.4512201546511913e+59
1.1690873840202634e+59
5.140444221657014e+58
