4.7711050136459293e+70
7.761222604877678e+72
3.383596427039752e+73
7.406749626195647e+73
1.1973979302711427e+74
1.6318890556934503e+74
1.9940235999465474e+74
2.260046234434025e+74
2.423773279302153e+74
2.492619914552713e+74
2.4805677799050573e+74
2.4045201753547603e+74
2.2804230271909016e+74
2.1238019714424125e+74
1.948039242489122e+74
1.7633806520612732e+74
1.5778920576292459e+74
1.3974624231578845e+74
1.2269768545864694e+74
1.0683681510555976e+74
5.910441218341326e+73
2.0976206099101723e+73
6.6485645667475145e+72
1.9485605787006684e+72
5.394356688433323e+71
1.4305662453724927e+71
3.668360869732829e+70
9.153429033629706e+69
2.2330052982480475e+69
5.342932303242434e+68
1.2565874169099e+68
2.909346390201478e+67
6.639237381205523e+66
1.4939035932460683e+66
3.3143593412886227e+65
7.249317922920905e+64
1.561618887261832e+64
3.3077115734108734e+63
6.871100459940191e+62
1.3953328176730802e+62
2.7518582904998533e+61
5.226167965556041e+60
9.39791785488584e+59
1.5507680660398947e+59
2.1706865859932388e+58
1.872995812742034e+57
-2.480744759711052e+56
-1.994615496111337e+56
-7.417662375837365e+55
-2.2220115803004442e+55
