1.5337842612282244e+71
2.6856208736391744e+73
1.2620680383196114e+74
2.99696253864284e+74
5.271365891808961e+74
7.822631416649269e+74
1.0403533394058745e+75
1.281678116990098e+75
1.4928574558049236e+75
1.6661542115455544e+75
1.797639791236027e+75
1.8878067128262444e+75
1.939071749814991e+75
1.9552258410617186e+75
1.941149943302295e+75
1.9017782769087198e+75
1.8419420284045877e+75
1.7662705094660138e+75
1.67900600695731e+75
1.5834511094892388e+75
1.193051919354588e+75
6.833900281483856e+74
3.5359645054746815e+74
1.7064770379220346e+74
7.830475226816497e+73
3.456849579207636e+73
1.4799130056557284e+73
6.17537627801951e+72
2.5207726983179565e+72
1.0089219343146747e+72
3.9662727520211273e+71
1.5319934321115159e+71
5.812634865273399e+70
2.165162632034191e+70
7.905097161500001e+69
2.8208495352683223e+69
9.788708165006718e+68
3.282364683846625e+68
1.0495690880126138e+68
3.131094509827746e+67
8.288482690785165e+66
1.6812752996074534e+66
5.851613799499143e+64
-1.9766134483122145e+65
-1.5450431219400517e+65
-8.510858473366202e+64
-4.001944610492756e+64
-1.674704699280996e+64
-6.208169728074548e+63
-1.9149937745481552e+63
