2.1285791463944971e+71
3.5976149424378954e+73
1.6699201182591904e+74
3.947545786110178e+74
6.936234645122242e+74
1.030296516064089e+75
1.3728036562724005e+75
1.6959531390045146e+75
1.9814832971508837e+75
2.2187210223796935e+75
2.4033934440187e+75
2.534429722895322e+75
2.6147837793632216e+75
2.648652238535871e+75
2.6425254300193314e+75
2.6020302992265144e+75
2.533643459304742e+75
2.442382845979621e+75
2.3346772271043136e+75
2.2147697008178407e+75
1.7074344737498468e+75
1.0156407711677584e+75
5.469608141544525e+74
2.7529667510977225e+74
1.318930660935153e+74
6.084390079880869e+73
2.7225376389102742e+73
1.1871143773681138e+73
5.062790522103238e+72
2.1152069463014404e+72
8.66318084973794e+71
3.479910735785735e+71
1.3695030724251337e+71
5.269795473983038e+70
1.975981573919533e+70
7.183554799298914e+69
2.507369884943977e+69
8.278055698908244e+68
2.5036419015958887e+68
6.43313237175841e+67
1.0387637356729554e+67
-2.151868074064312e+66
-3.333102367842413e+66
-2.2338470316524723e+66
-1.185736088478264e+66
-5.461034375267709e+65
-2.2031092848035945e+65
-7.372736307013782e+64
-1.544373939986646e+64
3.837228665856287e+63
