5.033695493565043e+71
6.250906161110853e+73
2.489249395228423e+74
5.312281983688645e+74
8.637399396884786e+74
1.205464060335385e+75
1.5261574158411137e+75
1.8065426929413554e+75
2.03629506486906e+75
2.2120757212963864e+75
2.334662020352437e+75
2.408105956853886e+75
2.4373828083799216e+75
2.4286507296208237e+75
2.3885638601219323e+75
2.322704189184153e+75
2.2369154498190213e+75
2.136058879357016e+75
2.02482141955317e+75
1.906450716743671e+75
1.4402590930324799e+75
8.452971881082861e+74
4.554833709517059e+74
2.3160515280673717e+74
1.1284922677391289e+74
5.317684407223108e+73
2.4361612617018877e+73
1.0893075535489622e+73
4.760704351682596e+72
2.0355137472603325e+72
8.508973338395315e+71
3.469654737790585e+71
1.375901806804122e+71
5.274685696082129e+70
1.9353641644798637e+70
6.6792362342801404e+69
2.0907596380454392e+69
5.419824536234859e+68
7.605210361078481e+67
-3.307262830174206e+67
-4.001142634912034e+67
-2.6279741903275403e+67
-1.384911937832387e+67
-6.2009103111905354e+66
-2.2636689984092683e+66
-5.136858304041221e+65
1.3908712971951786e+65
3.035585031597161e+65
2.831549060122428e+65
2.1342601935910795e+65
