8.306950958157672e+70
9.503880527542771e+72
2.91315042351246e+73
4.74429026392634e+73
5.941497925548829e+73
6.452754158455842e+73
6.410326187118827e+73
5.987645920521766e+73
5.3410175629140095e+73
4.5981318754799195e+73
3.8466755194465595e+73
3.142025148530818e+73
2.5159964110519952e+73
1.9800043278211953e+73
1.534797784031893e+73
1.173899045354358e+73
8.87528651141916e+72
6.6383111871867075e+72
4.9199942028226694e+72
3.6151776928993e+72
1.0370257930450365e+72
1.3472919550195354e+71
1.5571960821426915e+70
1.6669865566086009e+69
1.6907016868641928e+68
1.6480294954508416e+67
1.559193489372357e+66
1.4410196311511912e+65
1.3066561832565874e+64
1.1664452535849498e+63
1.0267371637597407e+62
8.927561780233042e+60
7.670729838434341e+59
6.514299351291412e+58
5.466369359829556e+57
4.531964691115711e+56
3.706652618289787e+55
2.987511529743201e+54
2.3670623447641515e+53
1.8376875927582699e+52
1.3924510393982218e+51
1.0224656956811126e+50
7.19891687576274e+48
4.769685553643771e+47
2.860909072762654e+46
1.4060410903338109e+45
3.410682839261998e+43
-3.9067234814917555e+42
-8.439085982387e+41
-1.0630325386020952e+41
