3.2504138814323764e+70
5.054788895122509e+72
2.0758892624959758e+73
4.2898796535156136e+73
6.55824423191703e+73
8.46835653035746e+73
9.819242148196967e+73
1.0572820558067055e+74
1.0784982101159856e+74
1.055984670820355e+74
1.0011172534440392e+74
9.24921737994426e+73
8.365303170514227e+73
7.433113008477074e+73
6.504135647067316e+73
5.617044162131836e+73
4.796069322034603e+73
4.052907382772637e+73
3.3948479911858084e+73
2.8202233621501848e+73
1.300226487716208e+73
3.4808446236574305e+72
8.27221617441578e+71
1.8107480093432197e+71
3.7364112252014134e+70
7.370256618065153e+69
1.4049305357988346e+69
2.604489797640797e+68
4.7195363179617747e+67
8.384062971948352e+66
1.464310599450619e+66
2.518431511456347e+65
4.268610551620748e+64
7.138919847795204e+63
1.1782069567082155e+63
1.9181302736743988e+62
3.079393592866556e+61
4.868153513667758e+60
7.5634683547524285e+59
1.1522835579205277e+59
1.7128809048746014e+58
2.467081697376036e+57
3.4086203869563513e+56
4.4217278627544545e+55
5.169656085373674e+54
4.842183114400164e+53
1.7581415025904532e+52
-7.329400709101001e+51
-2.8283832264193102e+51
-7.095400596458668e+50
