5.455740469855936e+71
6.550702815395133e+73
2.459146801995155e+74
5.007553887525741e+74
7.834662394923093e+74
1.0589314357671727e+75
1.30441651638652e+75
1.5077376029957391e+75
1.6644464621177768e+75
1.7744626781721715e+75
1.840959209485733e+75
1.8688360093403777e+75
1.8639040492826295e+75
1.8312858861209965e+75
1.7770941549239796e+75
1.7059951889867143e+75
1.6228533692827841e+75
1.5309959404482134e+75
1.4344295107836715e+75
1.3353467733569543e+75
9.678503330878787e+74
5.361739611724605e+74
2.738941036273626e+74
1.323961360290636e+74
6.145343307664727e+73
2.7620632939887276e+73
1.2083573467904457e+73
5.161348446729706e+72
2.155674294084382e+72
8.802798926398427e+71
3.5126594287765566e+71
1.366140463639456e+71
5.156084582635179e+70
1.8745603447310198e+70
6.486250742852136e+69
2.0870139538140723e+69
5.937529443967669e+68
1.2850703119706156e+68
4.3695056667974625e+66
-1.7375272439936552e+67
-1.4140864307018843e+67
-8.020782182978418e+66
-3.768086234596577e+66
-1.4792300936222882e+66
-4.284776522542441e+65
-1.9185563804815638e+64
1.019804879548111e+65
1.1114679404431886e+65
8.678431226853527e+64
5.913178612209748e+64
