5.377780052266852e+71
6.504942138607823e+73
2.4759402246842734e+74
5.098707000001242e+74
8.052562036626731e+74
1.0967171109805318e+75
1.359759905842435e+75
1.580705413999034e+75
1.7537815602493375e+75
1.8781976128162955e+75
1.956740816924388e+75
1.9942521522217165e+75
1.996160073331339e+75
1.9682738603493307e+75
1.9164357699148835e+75
1.845673776382529e+75
1.7613195969186601e+75
1.666815335914036e+75
1.5663319372882617e+75
1.462545467239154e+75
1.0716397449390943e+75
6.028388403182577e+74
3.124384528681836e+74
1.5314519908734698e+74
7.204005309288891e+73
3.2806474371858014e+73
1.4537988046340796e+73
6.289965444300198e+72
2.6607908448083204e+72
1.1007234154112628e+72
4.449530193300939e+71
1.753838520719579e+71
6.711370914363437e+70
2.4765006315785377e+70
8.707530969181642e+69
2.8558464048347703e+69
8.34501451033315e+68
1.902183483374471e+68
1.2449502514199105e+67
-2.168327780632911e+67
-1.9024317290582317e+67
-1.1170118592780522e+67
-5.4071127616221e+66
-2.20020500998306e+66
-6.840166654830362e+65
-7.019333203870135e+64
1.2435794171514703e+65
1.5050720472954107e+65
1.2208545217524865e+65
8.516317842283682e+64
