5.2953462437435605e+71
6.447254722553774e+73
2.4851831607139477e+74
5.169513760028838e+74
8.231621541191578e+74
1.1289611452206261e+75
1.4081492077606483e+75
1.6453285909507651e+75
1.833741707547392e+75
1.9718752044857456e+75
2.061969979722562e+75
2.1087219144077487e+75
2.1175356994948297e+75
2.094577382456771e+75
2.0453097600083713e+75
1.9755462059623427e+75
1.890010332492267e+75
1.793664133990891e+75
1.6897601005262765e+75
1.5817021770018923e+75
1.16974491325538e+75
6.665656813629261e+74
3.4955440031892955e+74
1.7328530783654845e+74
8.240468139228536e+73
3.792716995479425e+73
1.69804993721026e+73
7.422765345435953e+72
3.171770985377503e+72
1.3258003682305102e+72
5.414853835730336e+71
2.1569213089478243e+71
8.346351709410242e+70
3.1167344071056497e+70
1.1107852623307687e+70
3.7023298282667295e+69
1.1059996435444446e+69
2.6312024553573244e+68
2.3994817820026607e+67
-2.5195231046786497e+67
-2.3965082689643682e+67
-1.4538309964675757e+67
-7.230240241869488e+66
-3.0311786321236083e+66
-9.969250534744294e+65
-1.477318888112655e+65
1.37346411623854e+65
1.879661879373747e+65
1.5833738276295406e+65
1.129229266686384e+65
