1.6521034582261863e+71
2.8831122419403467e+73
1.354296400288196e+74
3.217731426496226e+74
5.664671852256511e+74
8.415864490131433e+74
1.1206851362849029e+75
1.3827463087705539e+75
1.6129961135187057e+75
1.802625198707945e+75
1.9479073200653844e+75
2.048905304957252e+75
2.107919515224668e+75
2.12908806269683e+75
2.1172838126056104e+75
2.077855119962422e+75
2.0160488591105577e+75
1.9366003763656802e+75
1.8441819412742505e+75
1.7426262453717371e+75
1.322401733025787e+75
7.663391171842055e+74
4.0133793248566824e+74
1.9619952140913163e+74
9.121702598966834e+73
4.081809031723856e+73
1.7714616832893795e+73
7.49402710883377e+72
3.1021944996078127e+72
1.2588039473099583e+72
5.015801434510635e+71
1.963305151074688e+71
7.544534445893759e+70
2.845085938025007e+70
1.0503384337025082e+70
3.783909962512519e+69
1.3236854469400267e+69
4.4544554382521885e+68
1.421880990573182e+68
4.182390673443275e+67
1.0593363263355002e+67
1.8038702109445627e+66
-2.1032331065156973e+65
-4.258354516852481e+65
-2.880124729202396e+65
-1.5143066293737597e+65
-6.93126877805719e+64
-2.8224112621146835e+64
-9.98967708378004e+63
-2.7335241200508376e+63
