6.050543878380969e+71
5.3994390285757135e+73
1.6297406939961068e+74
2.8546681669347194e+74
3.980952265570686e+74
4.896384657780719e+74
5.560656920032911e+74
5.976151531523123e+74
6.169072901188739e+74
6.174472084441123e+74
6.030363849668519e+74
5.774659715915422e+74
5.441197637650026e+74
5.057245600007177e+74
4.647317014521935e+74
4.229282150819578e+74
3.8167359519466343e+74
3.419442946534137e+74
3.0445362403655433e+74
2.695697500086421e+74
1.622845028987945e+74
6.906127719629471e+73
2.7541895734932206e+73
1.0510978968888242e+73
3.879723014780176e+72
1.3938109622050935e+72
4.890662685109607e+71
1.6794250167066603e+71
5.64646178716602e+70
1.85808087293468e+70
5.97259584316083e+69
1.8691638668747453e+69
5.66334856416933e+68
1.6465212646424147e+68
4.518826076134371e+67
1.1344374104958688e+67
2.4171801353132983e+66
3.260678283792301e+65
-5.141622871864265e+64
-6.685261815422058e+64
-3.5975917564353203e+64
-1.48799306594083e+64
-5.052672014380914e+63
-1.289915622832818e+63
-1.0142547773539913e+62
1.652319496898304e+62
1.6128808291890744e+62
1.0636142592139993e+62
6.043385235730137e+61
3.1641561039924766e+61
