1.3165735527725715e+71
2.3195622775737474e+73
1.0901367228065064e+74
2.5832301522435144e+74
4.527805046620428e+74
6.693372333048483e+74
8.863925117883699e+74
1.0873985689951534e+75
1.2612708932090278e+75
1.4011739328783343e+75
1.5051647361753383e+75
1.5737786348134633e+75
1.6094070248437858e+75
1.6157648242498325e+75
1.5969255241797934e+75
1.5573897700089037e+75
1.5013906537261217e+75
1.4332572853187254e+75
1.3561214465719746e+75
1.272967508860999e+75
9.41952514864514e+74
5.245933106616614e+74
2.63601254396964e+74
1.235094941700423e+74
5.497749927861335e+73
2.353750509970636e+73
9.769069824172219e+72
3.9514206905844856e+72
1.5635892464522663e+72
6.068723352723928e+71
2.3139024380023457e+71
8.671813131228961e+70
3.196194195553296e+70
1.1578802393718325e+70
4.117144106126223e+69
1.43425346804056e+69
4.877755076533215e+68
1.6110284841386122e+68
5.121347176636529e+67
1.544000227464557e+67
4.2895745746581284e+66
1.0243919751101675e+66
1.629277675510092e+65
-1.995947691815926e+64
-3.6036851330695965e+64
-2.2996489827689846e+64
-1.1490517656633797e+64
-5.024343133620626e+63
-1.972370168238809e+63
-6.851157130179627e+62
