4.847911550898867e+71
1.787727623997343e+73
4.6155807252261234e+73
7.114823944812488e+73
8.7082332233685e+73
9.353213945391064e+73
9.232853436492252e+73
8.585417300924997e+73
7.634264354995935e+73
6.552583694372023e+73
5.465738105946666e+73
4.4529993078870495e+73
3.557098010032238e+73
2.793526677193842e+73
2.1622857736321664e+73
1.653086304569199e+73
1.250472858637912e+73
9.370124252644188e+72
6.96558133161977e+72
5.142922113795055e+72
1.5289934536899795e+72
2.2377499644694525e+71
3.1847622656329604e+70
4.5694564495939704e+69
6.660832193571393e+68
9.813119823939982e+67
1.449394730399563e+67
2.13060079523583e+66
3.1016259225518807e+65
4.4550748604527875e+64
6.2951970538450116e+63
8.722323044493648e+62
1.181089892455243e+62
1.5544568814314318e+61
1.972887022140451e+60
2.384537119653837e+59
2.682303944254705e+58
2.677391725932708e+57
2.065168182711745e+56
4.1769302212162745e+54
-2.7772483330052206e+54
-7.90014858483315e+53
-1.4594364090041293e+53
-2.0320654446761743e+52
-1.7089900121501868e+51
1.5367157343381457e+50
1.2348507382532416e+50
4.0791556245503817e+49
1.0768522712595992e+49
2.5502641041000458e+48
