6.168928489510947e+71
3.322226913837344e+73
8.752195950950015e+73
1.410344336537395e+74
1.8292605600798237e+74
2.0979434136121183e+74
2.2232426728391412e+74
2.2285237988224877e+74
2.1436246501482872e+74
1.9970542153040952e+74
1.813796322875126e+74
1.6136394958466891e+74
1.4114040890520848e+74
1.2173827365850799e+74
1.0376767387585333e+74
8.758605118254668e+73
7.331984515285922e+73
6.09450932393454e+73
5.036690540022924e+73
4.1416955576895324e+73
1.8897853672132333e+73
5.405079677191217e+72
1.4840391087015367e+72
3.9589288594405713e+71
1.030421872524082e+71
2.622191132237475e+70
6.535007605844993e+69
1.5968515338907478e+69
3.825504712517124e+68
8.982540363928835e+67
2.063826512519248e+67
4.627793728992304e+66
1.0079890460280353e+66
2.1178295933437573e+65
4.2408346113626026e+64
7.923200832704484e+63
1.3198128455774632e+63
1.7250275648478425e+62
7.360769228398058e+60
-5.752927160458093e+60
-2.8713343878428294e+60
-9.249099202351348e+59
-2.3482124353893586e+59
-4.4795978892743286e+58
-3.227246967845293e+57
2.5369029325578916e+57
1.8706301936283106e+57
8.940322270790426e+56
3.6451026072979235e+56
1.3630602643019786e+56
