2.355374198295128e+71
3.9027624202017376e+73
1.7974039806904882e+74
4.229853964071048e+74
7.411342517243386e+74
1.0984334521676534e+75
1.461220078697746e+75
1.8030200862470515e+75
2.104775518474671e+75
2.355547030275399e+75
2.550100921253847e+75
2.688387089283961e+75
2.7731367579209257e+75
2.809641576285595e+75
2.8036763400773494e+75
2.7617478544652284e+75
2.6898774801547722e+75
2.5944677366768464e+75
2.4813640219533333e+75
2.3553046781217365e+75
1.8211489718949444e+75
1.0894985666263038e+75
5.906612724362926e+74
2.9944337399723773e+74
1.4458625843361053e+74
6.722401750470233e+73
3.0319017819601205e+73
1.3324849880370197e+73
5.7242109622346706e+72
2.4077905265613792e+72
9.927118821491431e+71
4.009213993231718e+71
1.5849635856975692e+71
6.115818248339222e+70
2.295355281638965e+70
8.3177927789812e+69
2.8803636537942232e+69
9.33166729522233e+68
2.712337029897718e+68
6.263243523330746e+67
5.3210657975353345e+66
-5.997135477466044e+66
-5.5557330546024665e+66
-3.3447773756919153e+66
-1.677652478521054e+66
-7.346688319204604e+65
-2.7520037120184e+65
-7.780071725042527e+64
-4.3021956634877386e+63
1.642374344191412e+64
