5.967197270948169e+71
5.789216760418593e+73
1.8200595219523033e+74
3.2673475900877493e+74
4.641655297056493e+74
5.799136559890457e+74
6.680225892171512e+74
7.276796068138529e+74
7.608869501800377e+74
7.711493640395066e+74
7.626295283757541e+74
7.392705967425378e+74
7.051031737005574e+74
6.633494504455967e+74
6.169286812013066e+74
5.68165304243251e+74
5.188073955721865e+74
4.702213845912404e+74
4.2351039676098867e+74
3.792533632766315e+74
2.381446672047035e+74
1.0760393095165545e+74
4.5409180798957224e+73
1.82954098822765e+73
7.11848242297616e+72
2.693528984915268e+72
9.946982908383877e+71
3.5934863278231355e+71
1.270706957253944e+71
4.3956771559702605e+70
1.4850342455089608e+70
4.884191851842846e+69
1.5549005954487376e+69
4.7474755369751045e+68
1.367954848464816e+68
3.602437363300648e+67
8.027490124983597e+66
1.1152014871664475e+66
-2.0488068268837968e+65
-2.6646029173560905e+65
-1.4992776321018295e+65
-6.524710668708489e+64
-2.3414492014692715e+64
-6.4108450310353746e+63
-6.434390468700931e+62
7.97866462543041e+62
8.535134661543424e+62
5.98932165156551e+62
3.592933685308283e+62
1.981915426078099e+62
