5.804081941312118e+71
6.2797403237059e+73
2.1114787329627458e+74
3.960910013207661e+74
5.814450368048998e+74
7.461462770852404e+74
8.798362693093888e+74
9.7899333192688e+74
1.044323554085794e+75
1.0787910768730902e+75
1.0868067895409907e+75
1.0729191810868456e+75
1.041724931802177e+75
9.972724926096774e+74
9.436848302224064e+74
8.839073107205087e+74
8.208689095976786e+74
7.564479762329376e+74
6.925948385360176e+74
6.302424750592479e+74
4.201713900765397e+74
2.0675493172680722e+74
9.452325236485307e+73
4.1112652423701243e+73
1.7229272521509532e+73
7.009560954465049e+72
2.780534370951353e+72
1.0780503374875434e+72
4.0896572027950523e+71
1.5172266224323185e+71
5.495930583677664e+70
1.938445941036871e+70
6.618551270585194e+69
2.169226007139637e+69
6.717801484349692e+68
1.907965055403585e+68
4.6234210346122895e+67
7.29038135126533e+66
-1.0556773126215072e+66
-1.735044215856627e+66
-1.074980637649208e+66
-5.107649965614552e+65
-2.0163775071612565e+65
-6.287844872314926e+64
-1.0135148538758437e+64
5.6485151497261e+63
7.846735082730032e+63
6.162134837949394e+63
4.033065364613642e+63
2.406001319534193e+63
