5.643361028108456e+71
6.549138389365743e+73
2.3457759309433856e+74
4.60426746380953e+74
6.995647811619516e+74
9.228227519472597e+74
1.1136468640202319e+75
1.2646228050613675e+75
1.373985345767198e+75
1.443635211989357e+75
1.4778543711440993e+75
1.4812292438844147e+75
1.4595313393565594e+75
1.4173912524367786e+75
1.3598958223347966e+75
1.2913872969833573e+75
1.2151695399246202e+75
1.1345657049975664e+75
1.0519893420946101e+75
9.695450890878559e+74
6.769683398333864e+74
3.5551598137490355e+74
1.7266511727230738e+74
7.950743978907142e+73
3.519822053545373e+73
1.510493461836669e+73
6.311970919560902e+72
2.5757998545995584e+72
1.02784457810587e+72
4.0105619933255237e+71
1.5276602851721812e+71
5.666918598802531e+70
2.0360326940123405e+70
7.031162017505621e+69
2.298656255768624e+69
6.922906941381362e+68
1.800149382917052e+68
3.2297167836624346e+67
-2.6336632165886112e+66
-6.767081863529951e+66
-4.605456671071458e+66
-2.356380172058849e+66
-1.0045329604335084e+66
-3.4746322184542005e+65
-7.481576995771871e+64
1.7853487173747248e+64
3.75451778305675e+64
3.288446150029735e+64
2.314376337707188e+64
1.4664750711632862e+64
