5.776237799533654e+70
9.24908261889822e+72
3.908569185494504e+73
8.293315377695726e+73
1.302974204468426e+74
1.730891821592207e+74
2.0685087668084715e+74
2.3006295854452724e+74
2.4284716598542514e+74
2.4650060189175716e+74
2.4275326416672464e+74
2.3331847315022524e+74
2.1979632719751354e+74
2.0373198887740887e+74
1.8612631415796285e+74
1.6805857360189412e+74
1.5015935995634447e+74
1.3295006809914498e+74
1.1674707315829332e+74
1.0177049785484041e+74
5.684088750211419e+73
2.0746975154136274e+73
6.8468910982690565e+72
2.1091475726474154e+72
6.182839973834871e+71
1.746337582459427e+71
4.795062509535522e+70
1.2868703137231447e+70
3.390191098827473e+69
8.797285421242654e+68
2.2526237959278214e+68
5.705291179822052e+67
1.430457999633987e+67
3.5540711003703286e+66
8.760402501549459e+65
2.1428976829364576e+65
5.2039858665424275e+64
1.2551738596925542e+64
3.0071341353723744e+63
7.159117566124055e+62
1.6934630737060306e+62
3.981868498965354e+61
9.312863827332625e+60
2.168097541872356e+60
5.0314369088034765e+59
1.1666118836360016e+59
2.7115584444909766e+58
6.348580414686943e+57
1.5071888032048376e+57
3.656584729572592e+56
