4.661691634942981e+70
7.283369974032084e+72
2.993435515953091e+73
6.178266242978482e+73
9.44487928282775e+73
1.2214446561160082e+74
1.4222068032041678e+74
1.5417120610022897e+74
1.587339328434298e+74
1.5718953676114963e+74
1.5111812777669412e+74
1.4179533338829833e+74
1.3044705301583368e+74
1.18062594463685e+74
1.0536393923007925e+74
9.292526206926853e+73
8.108436055155324e+73
7.01160733880092e+73
6.01245683495679e+73
5.118568680100123e+73
2.6075853761075097e+73
8.257694113917659e+72
2.357488774514066e+72
6.270879518297345e+71
1.5857395523019988e+71
3.859943769724608e+70
9.127318652357346e+69
2.1092105531443793e+69
4.782574478601716e+68
1.0676370014748885e+68
2.3516649739630597e+67
5.122419964427562e+66
1.1046367517500002e+66
2.3600621794050046e+65
5.002612108401276e+64
1.0521515890582612e+64
2.1976905723312245e+63
4.557795035820432e+62
9.389828323926665e+61
1.9221119930161802e+61
3.909252529617356e+60
7.9016905197614835e+59
1.5880351541359293e+59
3.174911299648736e+58
6.321408651762453e+57
1.2549631701437057e+57
2.4936025301002374e+56
4.972378132270456e+55
1.00185045936951e+55
2.054081101993385e+54
