6.246382510911735e+71
4.224838967697376e+73
1.155531546627729e+74
1.8540324285720343e+74
2.376623571003156e+74
2.6982714197336386e+74
2.841224083001413e+74
2.842181090619204e+74
2.7394358951173465e+74
2.5663319582605377e+74
2.3515489446958373e+74
2.116244384242749e+74
1.8766412691480296e+74
1.6441512411383815e+74
1.4258790262282249e+74
1.2261677881635692e+74
1.0467421052876907e+74
8.881412289420602e+73
7.495730606766824e+73
6.298194017985267e+73
3.1258276747861335e+73
1.0117560405017709e+73
3.117125514896426e+72
9.279228105140151e+71
2.690823732017294e+71
7.640668065769007e+70
2.130545848573977e+70
5.8483835714151636e+69
1.5822527521183477e+69
4.223237970253177e+68
1.1124951287896648e+68
2.8927032939134985e+67
7.426534786332873e+66
1.8818123937270764e+66
4.709074372481308e+65
1.1648682783842465e+65
2.8555460900230825e+64
6.969191416602188e+63
1.7091260070134388e+63
4.276198336169589e+62
1.1139599373688374e+62
3.0931724791418625e+61
9.286476014233639e+60
3.00754624962575e+60
1.0325390484873422e+60
3.6741008823965155e+59
1.3283983941351825e+59
4.8174701022559025e+58
1.7389871841731113e+58
6.225494089797129e+57
