7.846978732112567e+70
1.2926412006810995e+73
5.60372780586328e+73
1.2206560940846254e+74
1.968998066993054e+74
2.6873647342482816e+74
3.2999429394747883e+74
3.7673100055585767e+74
4.082676018945913e+74
4.253514826292821e+74
4.29755645975512e+74
4.237377979980067e+74
4.096185082490486e+74
3.8937421088782e+74
3.64986538643735e+74
3.380407456425126e+74
3.0988441978603936e+74
2.81494094030619e+74
2.5363410019816916e+74
2.269034284349173e+74
1.4016090187254805e+74
5.98448323125175e+73
2.3184164946086623e+73
8.407897889085727e+72
2.9071304737225278e+72
9.702498326774579e+71
3.149175058332969e+71
1.0000685696491152e+71
3.119455547396564e+70
9.584053912978919e+69
2.9076379341591824e+69
8.724176839493146e+68
2.5918816751898087e+68
7.632032505600197e+67
2.2288923711932076e+67
6.46016231472494e+66
1.8590507420862915e+66
5.312370872476763e+65
1.5077659671950217e+65
4.253270707585994e+64
1.192372440149404e+64
3.3247875992300524e+63
9.229906331236834e+62
2.5542996229365143e+62
7.061321627626727e+61
1.956672020004995e+61
5.4597381378495715e+60
1.5435510838968054e+60
4.453063059719708e+59
1.3215318389632213e+59
