6.422609076085197e+71
3.9475424360622267e+73
1.0469502788432979e+74
1.6468348458459264e+74
2.0759010863593076e+74
2.3198805507552023e+74
2.406017910750494e+74
2.370776195015071e+74
2.2507653507897129e+74
2.0769667450522916e+74
1.8740919991037488e+74
1.661002288184186e+74
1.45063336262289e+74
1.2516149835445523e+74
1.0690374069193414e+74
9.054966808389898e+73
7.61559763870738e+73
6.366875096700144e+73
5.2962854492545916e+73
4.386842603952753e+73
2.065293572025895e+73
6.208315811585116e+72
1.7853771313968096e+72
4.975276301243786e+71
1.352596709751868e+71
3.603381224349815e+70
9.432086474548134e+69
2.431123495071528e+69
6.177978688188382e+68
1.548551310834187e+68
3.831412517151615e+67
9.35550888527753e+66
2.2545714573154946e+66
5.361963902715667e+65
1.2585194931376552e+65
2.9179521040971213e+64
6.697351253799355e+63
1.528685549745734e+63
3.5029576471249824e+62
8.179991149771579e+61
1.9915391671338574e+61
5.1808699966867194e+60
1.4644073002821839e+60
4.484670441201871e+59
1.4596659074260167e+59
4.9255553149686825e+58
1.688139508797722e+58
5.795546248655855e+57
1.9783142489194513e+57
6.690643941639819e+56
