6.583203141968638e+71
3.588616960568646e+73
9.225820492384548e+73
1.4205001797476595e+74
1.7560204810039294e+74
1.9257242483383016e+74
1.9597024020286843e+74
1.8941878657083419e+74
1.763460855263879e+74
1.5951923244874094e+74
1.4107809815503656e+74
1.2250235203682425e+74
1.0480796995678411e+74
8.857129547570683e+73
7.409707665755508e+73
6.147168055673409e+73
5.063979775464439e+73
4.147471487989729e+73
3.3805795495458514e+73
2.7443153260001765e+73
1.1990367146412384e+73
3.2421251520908188e+72
8.439160383797866e+71
2.1359559560028535e+71
5.282892974447438e+70
1.2808915080590258e+70
3.0529204144504215e+69
7.163968704065864e+68
1.6571250218963396e+68
3.7816237623366377e+67
8.513892874568135e+66
1.8912794779018825e+66
4.1447532129891264e+65
8.956226671435272e+64
1.908813739047906e+64
4.0128053914910766e+63
8.337910004722359e+62
1.7195420121245735e+62
3.550637754737568e+61
7.457209730530433e+60
1.631545110931331e+60
3.8252807470170915e+59
9.80337544117324e+58
2.7421184011911607e+58
8.192469141541563e+57
2.5418707842718287e+57
8.008066549706337e+56
2.5243895485579863e+56
7.901694029763573e+55
2.4470682137996315e+55
