4.723730589526683e+71
4.9695145857705755e+73
1.714411245444306e+74
3.1902469165480583e+74
4.573922227019179e+74
5.698375964016164e+74
6.512003629262046e+74
7.023876024511267e+74
7.267312058610139e+74
7.289141797174226e+74
7.135395057013831e+74
6.850953222640726e+74
6.472282260444025e+74
6.033834317748782e+74
5.560985578861855e+74
5.075635768006037e+74
4.593016611726433e+74
4.126162997424503e+74
3.682406277031289e+74
3.267484238438762e+74
1.9772991425454806e+74
8.400652672762175e+73
3.3170125497611777e+73
1.2471270221295797e+73
4.526390008960647e+72
1.5992404635077722e+72
5.529472127496517e+71
1.877980715243445e+71
6.278536713730635e+70
2.069681325953542e+70
6.7351045686334276e+69
2.1650986587292396e+69
6.876808861855796e+68
2.160374980839885e+68
6.715028248789593e+67
2.0677067372174156e+67
6.319637280835587e+66
1.9245055569624937e+66
5.871979046049759e+65
1.8117912962956589e+65
5.726151192095914e+64
1.8827534968978168e+64
6.526405927195084e+63
2.401660125383734e+63
9.35016162620672e+62
3.804165371124883e+62
1.5936740696913925e+62
6.78194321482855e+61
2.9021089668748426e+61
1.2404586203328167e+61
