6.700750854108194e+69
4.945147604367067e+71
1.013423823379704e+72
1.1003857149365313e+72
9.170395327400566e+71
6.628496576514903e+71
4.395288321383825e+71
2.748050697332352e+71
1.648751432481024e+71
9.575946705865669e+70
5.4304672745092875e+70
3.0172075196256476e+70
1.6485105005553492e+70
8.880627801006021e+69
4.724568495515948e+69
2.4877844558023175e+69
1.2961698111274532e+69
6.695766007315087e+68
3.4308394725503864e+68
1.7454119153970835e+68
1.2250146193264251e+67
1.869547102094618e+65
2.505268647875954e+63
3.0872214029707974e+61
3.5971523914617716e+59
4.0199320623088995e+57
4.3532794427158106e+55
4.593529122114554e+53
4.7465908667965984e+51
4.811439600573238e+49
4.807274471253529e+47
4.73452183318169e+45
4.610400794091517e+43
4.438083081728151e+41
4.233761806562525e+39
4.002682061942452e+37
3.754407399474378e+35
3.496854550041557e+33
3.2334321730784496e+31
2.96921701703086e+29
2.709702458112344e+27
2.454811032011785e+25
2.2086256259212295e+23
1.9752282397813144e+21
1.7536457480620118e+19
1.5468008627608726e+17
1356899724506192.2
11840705752065.305
103107812110.86528
899134707.9189961
