6.661911180875688e+71
3.1296443471110466e+73
7.824691963413386e+73
1.1776954416320089e+74
1.422910443465522e+74
1.5242843332784384e+74
1.5141054480024411e+74
1.4275499977007818e+74
1.295152697556816e+74
1.14090683305797e+74
9.818153243538738e+73
8.290593074949077e+73
6.893628665640568e+73
5.660528353785457e+73
4.598989159927591e+73
3.704832770103509e+73
2.9633379576190436e+73
2.3564475266957627e+73
1.86505041275465e+73
1.4703845257593102e+73
5.757439286105704e+72
1.3310372481841006e+72
2.9916604278800313e+71
6.572939543213092e+70
1.4143995933579142e+70
2.9859656420075402e+69
6.196544556336344e+68
1.2660032982845832e+68
2.54833303638637e+67
5.058451662449424e+66
9.90070718291217e+65
1.91115228884874e+65
3.6364957742576955e+64
6.818216322343849e+63
1.2591220316667356e+63
2.290259415145073e+62
4.1080678414504237e+61
7.289454771745639e+60
1.2897952182093884e+60
2.3111123916219745e+59
4.300596258155487e+58
8.588418217381915e+57
1.888865108290026e+57
4.584861865075664e+56
1.1989081298912792e+56
3.2697156344300837e+55
9.057872056412619e+54
2.5074237186148585e+54
6.880871485173972e+53
1.8650723588518912e+53
