6.511833297368776e+71
2.5691208375473652e+73
6.28649106875629e+73
9.231091797104941e+73
1.0845365926307736e+74
1.1273517899125926e+74
1.0845360563604423e+74
9.886255620140473e+73
8.660523827018965e+73
7.354183066388245e+73
6.092759751115151e+73
4.9463053567198965e+73
3.9492637002391735e+73
3.1100650230157504e+73
2.4214717010766208e+73
1.867659081876051e+73
1.429314675018773e+73
1.0869878061742382e+73
8.223818573416136e+72
6.197032685985326e+72
2.0415228431893293e+72
3.6774218638877747e+71
6.563905908463356e+70
1.1613114596915841e+70
2.0265882651305004e+69
3.4805488048009053e+68
5.881967234196302e+67
9.786432773990664e+66
1.604136813562737e+66
2.5912289990454874e+65
4.126448929348432e+64
6.475622800586731e+63
1.0011154359244196e+63
1.5235953711377357e+62
2.2806749797117938e+61
3.3573573685310926e+60
4.859849605621351e+59
6.932059627857925e+58
9.80214232321846e+57
1.3931147531392972e+57
2.0411143451428087e+56
3.200625644293501e+55
5.570795764524155e+54
1.0872179164935688e+54
2.3202833351150603e+53
5.207152138782256e+52
1.1893515767848662e+52
2.71214967152902e+51
6.117838507037462e+50
1.3601686691895335e+50
