1.5593463103823423e+71
2.5567916119660764e+73
1.1159013456487402e+74
2.4592826825435756e+74
4.0223853153537426e+74
5.56944673850386e+74
6.93931656607928e+74
8.043172032911882e+74
8.849315479072641e+74
9.363104745818482e+74
9.610021615995966e+74
9.628171208621067e+74
9.45800887635033e+74
9.14088329668103e+74
8.711680478764892e+74
8.20656239817298e+74
7.6508305039172e+74
7.068980309730997e+74
6.480887525761688e+74
5.899563668346586e+74
3.89864726189117e+74
1.8479782745327036e+74
7.963059647256512e+73
3.2172166805135246e+73
1.2409815800880116e+73
4.623190872920647e+72
1.6765620711389782e+72
5.950425745200579e+71
2.074837891699558e+71
7.124884638636586e+70
2.4150757130655794e+70
8.09063922912824e+69
2.6820799107676917e+69
8.802705879220192e+68
2.8634094059590013e+68
9.228561422876508e+67
2.9501758720373743e+67
9.357349033716876e+66
2.9466330692796416e+66
9.221742413699203e+65
2.8741385824873136e+65
8.941524984084898e+64
2.788367338364535e+64
8.771905907072726e+63
2.8056723787901197e+63
9.204534972835633e+62
3.129277156858408e+62
1.1092170536299603e+62
4.108431441270783e+61
1.5840958660510983e+61
