1.3707720070174974e+71
2.2721750153917257e+73
9.969823652200612e+73
2.20444358549473e+74
3.614477062707093e+74
5.014467100201134e+74
6.257234997324001e+74
7.26090804721e+74
7.996261006121042e+74
8.463871533416723e+74
8.690338528014961e+74
8.707552501261677e+74
8.551405541043262e+74
8.262240039547714e+74
7.871913551076123e+74
7.410159178186084e+74
6.904388285220237e+74
6.374523178306923e+74
5.838214579425264e+74
5.310685379692132e+74
3.495442140497327e+74
1.6443609175079824e+74
7.024632998241883e+73
2.8094939043461606e+73
1.0721226668938459e+73
3.949022550386543e+72
1.4155658340174496e+72
4.962969497089482e+71
1.7091949201050873e+71
5.797646629592597e+70
1.9408362605598454e+70
6.422209001737828e+69
2.10265234794177e+69
6.818628033652812e+68
2.1909654892352687e+68
6.979133974570394e+67
2.2051321537989255e+67
6.912307283286439e+66
2.1509343972895973e+66
6.650742116020605e+65
2.0450324516495078e+65
6.267081154964722e+64
1.920533750555687e+64
5.908336897788386e+63
1.8379383303133755e+63
5.822921114085813e+62
1.896532602138267e+62
6.404073880958411e+61
2.2549409243565887e+61
8.279498355464418e+60
