5.728223006792383e+71
4.731502948482532e+73
1.410169656826841e+74
2.388105376511716e+74
3.194971700319313e+74
3.7658387946992673e+74
4.105622431890607e+74
4.2461462893013144e+74
4.2273228993599533e+74
4.0892336732748877e+74
3.8673224323501714e+74
3.590961968399815e+74
3.285202816891109e+74
2.9679270486966113e+74
2.6535041351719543e+74
2.3509683066724836e+74
2.0668589216482234e+74
1.805109868061037e+74
1.5674648360015146e+74
1.354277780018548e+74
7.44262059587408e+73
2.776342173919418e+73
9.75363246369394e+72
3.290706658234574e+72
1.0775801869879144e+72
3.447694464040628e+71
1.0818232059472729e+71
3.3384539519172765e+70
1.0152091982185928e+70
3.045146744171115e+69
9.014491895959683e+68
2.635794336888395e+68
7.612064537288778e+67
2.171780881085645e+67
6.1265201808692915e+66
1.710542213367713e+66
4.736849107337834e+65
1.3073636788926932e+65
3.624371456628543e+64
1.0218900342408007e+64
2.980885950880704e+63
9.166394146056174e+62
3.013876857722383e+62
1.061517705202026e+62
3.95879196986711e+61
1.5348131205652977e+61
6.078262650533441e+60
2.4262346354146575e+60
9.677576231426789e+59
3.8379631446500284e+59
