2.5894688711241837e+71
3.8157969288057166e+73
1.5729149958641297e+74
3.319719178115105e+74
5.24161997344367e+74
7.048257667826023e+74
8.570516138816987e+74
9.7370244208219e+74
1.0536160472928162e+75
1.0993626615781728e+75
1.1153430727949226e+75
1.106340543399445e+75
1.0774993382048245e+75
1.0335347192149335e+75
9.787398115108219e+74
9.167617380846002e+74
8.504466597860862e+74
7.823678286637278e+74
7.144864807536583e+74
6.482372982813169e+74
4.2440378831272584e+74
2.0018543948867087e+74
8.659636278206759e+73
3.533984955349921e+73
1.3835363053386717e+73
5.2508202074630305e+72
1.9445600399371393e+72
7.061509009319379e+71
2.522011143698577e+71
8.879417699703765e+70
3.0868720006171725e+70
1.0606406374173819e+70
3.605423506470867e+69
1.2133637004164936e+69
4.043993299710517e+68
1.3355607254286239e+68
4.3744522892100144e+67
1.4228836175053597e+67
4.604853012788617e+66
1.487540877601564e+66
4.820035581794741e+65
1.5769878797772768e+65
5.264206417685993e+64
1.8119016456689718e+64
6.499196393229269e+63
2.4450888056303255e+63
9.646197864800213e+62
3.9655398001041346e+62
1.6805117120612156e+62
7.268208213932897e+61
