2.98226675047161e+70
4.193763723595226e+72
1.5756110850277525e+73
2.9818418097710844e+73
4.189793650471621e+73
4.993924782700733e+73
5.3706556442783435e+73
5.387664697966242e+73
5.142240241274839e+73
4.72708062834378e+73
4.222477848521296e+73
3.684444090718696e+73
3.153936354545634e+73
2.657402849880849e+73
2.2088461808433878e+73
1.8135521834428283e+73
1.4738520838798973e+73
1.1869684612947899e+73
9.476973493221337e+72
7.511006173959442e+72
2.9029663377087016e+72
6.008658073993967e+71
1.1143255163509565e+71
1.9178694456193356e+70
3.129990196885547e+69
4.914341714359854e+68
7.483371066782692e+67
1.1131880467907286e+67
1.6240193007326096e+66
2.3315538241028485e+65
3.301595793232407e+64
4.622933722979865e+63
6.405788099059037e+62
8.797807076055122e+61
1.19886613879789e+61
1.6210763714514307e+60
2.1774455187208732e+59
2.904861813669132e+58
3.849793091400018e+57
5.072407736901333e+56
6.639499615882762e+55
8.637983331899332e+54
1.11688954664348e+54
1.435993952630918e+53
1.8359851316358612e+52
2.3375862185356976e+51
2.967530120879509e+50
3.7670721904847986e+49
4.8009145490297173e+48
6.183937990539688e+47
