4.456882612756998e+71
4.90843077005264e+73
1.739180351525942e+74
3.2948886580759277e+74
4.786968084469651e+74
6.025885632100633e+74
6.94494728658677e+74
7.543626717701928e+74
7.856517206504906e+74
7.926207879106934e+74
7.8006663680344e+74
7.527310593925767e+74
7.146356023614229e+74
6.692747760794069e+74
6.195758205013738e+74
5.679407547938464e+74
5.161217518343273e+74
4.654719981196226e+74
4.1707411080247283e+74
3.71491047329659e+74
2.278898306581293e+74
9.862871677569917e+73
3.958809277184527e+73
1.5109078753053852e+73
5.561596321375456e+72
1.991878822306919e+72
6.978277563539383e+71
2.400542910224571e+71
8.13026647998892e+70
2.7146650461354337e+70
8.946295508272781e+69
2.9127910095271596e+69
9.376240507971937e+68
2.9845182625935556e+68
9.402020528195006e+67
2.933924943150896e+67
9.089512012338628e+66
2.8038356376064785e+66
8.657783315654295e+65
2.6988474836304958e+65
8.591503558962357e+64
2.835095641990967e+64
9.826936715658672e+63
3.608799922668307e+63
1.4017820880205335e+63
5.702090948225897e+62
2.3947157815843106e+62
1.0240152834288407e+62
4.413384904514832e+61
1.9030774951373457e+61
