4.325363863721312e+71
4.8696922464658024e+73
1.746853098488339e+74
3.337046833182073e+74
4.878024415298306e+74
6.169243310021907e+74
7.138035590620881e+74
7.779702599437909e+74
8.124625969155788e+74
8.217230425911982e+74
8.107769115096582e+74
7.840574308132507e+74
7.459090249909116e+74
6.999481280525094e+74
6.492432612893965e+74
5.962464190197909e+74
5.428192741573671e+74
4.904196986708806e+74
4.4014884490394624e+74
3.9266147355027e+74
2.422915323767826e+74
1.0569039363448185e+74
4.270807237141399e+73
1.6403976445516006e+73
6.073459743655423e+72
2.187023089988966e+72
7.70345447218191e+71
2.6640967693333844e+71
9.068496438443903e+70
3.043671677371657e+70
1.0082674663645152e+70
3.3001577727447153e+69
1.0677975597979682e+69
3.416664687155232e+68
1.0821491474173364e+68
3.3956295991861066e+67
1.0573500611537882e+67
3.2782009122893527e+66
1.0169477883180882e+66
3.182764840223331e+65
1.0157125766458242e+65
3.354470858751986e+64
1.1618468410694414e+64
4.258432156684122e+63
1.650622889600616e+63
6.706089237891492e+62
2.8163330409509036e+62
1.2062586343790572e+62
5.210088036796867e+61
2.2536187294175572e+61
