2.6405183793156697e+70
3.581085265841174e+72
1.3021714069605797e+73
2.389383507704626e+73
3.257487321340723e+73
3.769332865395216e+73
3.9391335107806123e+73
3.8429184303761145e+73
3.5687385917249325e+73
3.194675447762621e+73
2.7788537122129195e+73
2.3626982025284276e+73
1.9708200085466788e+73
1.618179397210393e+73
1.310682403495269e+73
1.0492323865292726e+73
8.314326094390503e+72
6.526080084795777e+72
5.079584087020335e+72
3.924615418712377e+72
1.374610766602302e+72
2.44769429950968e+71
3.89818317175639e+70
5.760291360525263e+69
8.066490930908547e+68
1.0862954846189238e+68
1.4191327341488775e+67
1.8102070668761373e+66
2.264939284179797e+65
2.787926892694576e+64
3.385880932752355e+63
4.064021738795143e+62
4.8284861905321775e+61
5.684545743117774e+60
6.638632897311349e+59
7.694962134338112e+58
8.858151888789523e+57
1.0130715777357547e+57
1.1511518485738903e+56
1.2997431157640515e+55
1.458385646028533e+54
1.6265476571415953e+53
1.8024511256523485e+52
1.9855566921281024e+51
2.175150591081869e+50
2.371463376712671e+49
2.576738688630827e+48
2.7975353032864885e+47
3.0457530856763366e+46
3.345865956240566e+45
