6.081426969266276e+71
4.4414176075620537e+73
1.2508202018563834e+74
2.043779833129605e+74
2.6589463931072234e+74
3.059350628245823e+74
3.262291275458456e+74
3.3037643421282006e+74
3.2229726656235765e+74
3.055981707527442e+74
2.833785157367619e+74
2.580847749229344e+74
2.3162243824641113e+74
2.0533463137974793e+74
1.8018404594201095e+74
1.5671764037893454e+74
1.3532024131790282e+74
1.1610750881580297e+74
9.908022964687329e+73
8.415517252102984e+73
4.3453379428629885e+73
1.4861039456399146e+73
4.818089848031925e+72
1.5060179130897384e+72
4.579610710859154e+71
1.362182516337479e+71
3.977253287710117e+70
1.1429342186882519e+70
3.2364792643607734e+69
9.039838961549721e+68
2.492419227721131e+68
6.782831787302294e+67
1.8227584726665536e+67
4.8367651603330655e+66
1.2680006630598527e+66
3.287782578701532e+65
8.453027610113357e+64
2.165610909402786e+64
5.5775156806395734e+63
1.4649981698611134e+63
4.0040317515250215e+62
1.1625415102419156e+62
3.6367355102162126e+61
1.2234402320993737e+61
4.356737245367794e+60
1.607988359692276e+60
6.035643201184013e+59
2.274945021771908e+59
8.544951309988651e+58
3.1849628453638263e+58
