4.586223140048962e+71
4.9405236918169685e+73
1.7284239609279816e+74
3.2460028985552075e+74
4.686512084288725e+74
5.870103270847688e+74
6.738471850721587e+74
7.294888278373304e+74
7.573965685535759e+74
7.620521403859254e+74
7.481437185260003e+74
7.20192762815391e+74
6.822595659981336e+74
6.375653374479946e+74
5.88973606275378e+74
5.388500910386934e+74
4.88727110896045e+74
4.400141357751561e+74
3.935111613566728e+74
3.4989206443255213e+74
2.1330655432720649e+74
9.155177544320747e+73
3.6476789733027e+73
1.3827205045243703e+73
5.058618977607285e+72
1.8006250551819864e+72
6.272458689580269e+71
2.14554703742468e+71
7.224797812495259e+70
2.3988364955297116e+70
7.863536855938639e+69
2.5456493504132965e+69
8.146899817595783e+68
2.5784248169437024e+68
8.074914115813219e+67
2.5054832974742543e+67
7.715914256789475e+66
2.366478124299587e+66
7.268832490340941e+65
2.2557064877466276e+65
7.159099348009416e+64
2.3586338192641294e+64
8.175196295771324e+63
3.0048285324520616e+63
1.1686023665155398e+63
4.755036998178255e+62
1.9952904657785032e+62
8.515934719038198e+61
3.6590137857336456e+61
1.5719794660960658e+61
