8.75754881762481e+70
1.4490753206434366e+73
6.313379623785998e+73
1.383103435633087e+74
2.2447712071201992e+74
3.0822064493425213e+74
3.8070193535762995e+74
4.373792561202923e+74
4.768809217427762e+74
4.998874517292632e+74
5.081904343067191e+74
5.040545389542672e+74
4.902106931743479e+74
4.688635756579998e+74
4.422135588277607e+74
4.12110974583575e+74
3.8007011961970647e+74
3.4743436996752954e+74
3.150010244686543e+74
2.8360732652810134e+74
1.795000112364883e+74
7.961946285698587e+73
3.208051725780909e+73
1.2104449467254487e+73
4.356964479091644e+72
1.5141327208481215e+72
5.118301535487335e+71
1.6932850035799589e+71
5.501262870648262e+70
1.7609605224800073e+70
5.565164756360727e+69
1.7393137648760624e+69
5.38278566663875e+68
1.65056692634212e+68
5.02055292568125e+67
1.5155686541900736e+67
4.540034848119504e+66
1.350380339065497e+66
3.990912252579886e+65
1.1717285544055812e+65
3.419281296651321e+64
9.927613579360169e+63
2.8703168048448487e+63
8.276436630570331e+62
2.386410914655222e+62
6.905292290226389e+61
2.016047222984873e+61
5.975051199801555e+60
1.8113820191012963e+60
5.663418758157739e+59
