1.0876398597417585e+71
1.8131065838689758e+73
7.955603066461543e+73
1.7560042999067822e+74
2.8730385964557147e+74
3.976746849701975e+74
4.95043533981462e+74
5.731837403933935e+74
6.296659885717579e+74
6.650031839907089e+74
6.810255174441263e+74
6.805742530706882e+74
6.666953390941776e+74
6.422408229127623e+74
6.10090731940082e+74
5.726741826680798e+74
5.320470628563275e+74
4.897452198612721e+74
4.4726473474509354e+74
4.0549727019356944e+74
2.6376441181667156e+74
1.2184273236484665e+74
5.1079529473483536e+73
2.0042208640321477e+73
7.49845712001112e+72
2.7066678358974917e+72
9.502362385006519e+71
3.2627641433823373e+71
1.1000757797941271e+71
3.6533013924757257e+70
1.1973650297876477e+70
3.878678169808025e+69
1.2438218387237016e+69
3.9512963282977786e+68
1.244344511716093e+68
3.885824677645077e+67
1.2042659312227935e+67
3.703703943584332e+66
1.1311815708369859e+66
3.4311891518235805e+65
1.0346922359848913e+65
3.1048680685706e+64
9.287436805675281e+63
2.7769218771835914e+63
8.328489906323846e+62
2.5203019526845936e+62
7.746243527013976e+61
2.43834333381467e+61
7.9241606372459e+60
2.6739769285487365e+60
