2.1418204237907342e+71
3.329730838726938e+73
1.4108926051842615e+74
3.041771161697255e+74
4.887413045025275e+74
6.669077498666397e+74
8.209567655902265e+74
9.423168763283351e+74
1.0284615999379072e+75
1.0811309982438752e+75
1.1037168329350899e+75
1.100979855890775e+75
1.0777023831075024e+75
1.038447538116185e+75
9.87447919988255e+74
9.284170166238775e+74
8.643226135631808e+74
7.978089744839564e+74
7.30717789475585e+74
6.649273412003542e+74
4.3957625135622946e+74
2.0967441268310068e+74
9.14238226957459e+73
3.752237941078206e+73
1.4747628219498368e+73
5.611056551701269e+72
2.0817738345917746e+72
7.566079683470659e+71
2.7034581134792327e+71
9.516401744025503e+70
3.307448123062719e+70
1.1360588824826346e+70
3.860790183690544e+69
1.2985710653552334e+69
4.326436002105341e+68
1.4284887019179303e+68
4.675408969873881e+67
1.5189409000979314e+67
4.9031469173043e+66
1.5767010866770384e+66
5.065952016410449e+65
1.6353091955022108e+65
5.34335982872439e+64
1.7840404971411187e+64
6.150180483936393e+63
2.2104004765340673e+63
8.321188022305087e+62
3.2776796430934893e+62
1.340643178595439e+62
5.641941437197604e+61
