5.51180624687871e+71
4.93073070002967e+73
1.5355325585315212e+74
2.672927217819476e+74
3.649509411075243e+74
4.3738170457205916e+74
4.839022261657865e+74
5.071740352197339e+74
5.113324093527466e+74
5.006042409139333e+74
4.789848982449397e+74
4.498641368300343e+74
4.161282113260573e+74
3.8009890943910035e+74
3.4347238824019663e+74
3.0751825849613993e+74
2.731096712477179e+74
2.4091211371269674e+74
2.1124635651531964e+74
1.8423787569807547e+74
1.047894563756205e+74
4.095222907209309e+73
1.5002258708495863e+73
5.2639055445171314e+72
1.789289037896674e+72
5.935367106579858e+71
1.9298277946505534e+71
6.167516642944693e+70
1.941574269755675e+70
6.027099175718595e+69
1.8471590468328957e+69
5.590349789248225e+68
1.6711917522456488e+68
4.937286624000958e+67
1.44263598969866e+67
4.173660123106357e+66
1.1987885690523787e+66
3.432671438087703e+65
9.879276866797866e+64
2.8909890810898405e+64
8.746560255492555e+63
2.7836973783568973e+63
9.44375660518859e+62
3.4215326431910536e+62
1.3104056252121273e+62
5.214761399007947e+61
2.1207516308978853e+61
8.700008852358927e+60
3.5694807609379095e+60
1.4573312558160971e+60
