3.3511634868992e+70
4.8742531955323e+72
1.8830560104539216e+73
3.6609648621011753e+73
5.278558520222163e+73
6.450771047545154e+73
7.106994616010504e+73
7.296812006535676e+73
7.124781439968459e+73
6.699201354224032e+73
6.114894775334014e+73
5.455091788909883e+73
4.773215091514879e+73
4.1076026054702557e+73
3.48780296057884e+73
2.9253624024183405e+73
2.428697734760488e+73
1.997423886304023e+73
1.629304590667107e+73
1.3190556621339358e+73
5.53353913541903e+72
1.2985151095922038e+72
2.735339856144544e+71
5.351174240369631e+70
9.930982562580273e+69
1.7733910130069216e+69
3.0723922420552545e+68
5.199269066256193e+67
8.631402983724495e+66
1.4100388390265732e+66
2.2732298020407366e+65
3.6215320303652985e+64
5.711016079199277e+63
8.925624074979353e+62
1.3839681174189403e+62
2.1294703588403237e+61
3.254268053266561e+60
4.9392534909712335e+59
7.449475379173396e+58
1.1161727863300578e+58
1.6619269914965544e+57
2.458819669621888e+56
3.6162758562902486e+55
5.288258275225448e+54
7.694336638001791e+53
1.1148229352329954e+53
1.611833239777134e+52
2.3322607176932872e+51
3.3933675158353665e+50
4.994532511895283e+49
