7.067884335767656e+70
1.1571233562392952e+73
4.9841929074454646e+73
1.0784005697850273e+74
1.7277634202527647e+74
2.3407817698747646e+74
2.8523906451644577e+74
3.233755122505949e+74
3.4778047872027356e+74
3.5973563530987025e+74
3.6081635636619975e+74
3.532074616113118e+74
3.3891282526776166e+74
3.1981179948405613e+74
2.976270559412306e+74
2.7365417599214294e+74
2.489947454430488e+74
2.2449647529004504e+74
2.0076376848526713e+74
1.7828627880185463e+74
1.0695317600078807e+74
4.3627038281062824e+73
1.6130214260315927e+73
5.576318642154032e+72
1.8373182803319323e+72
5.838475452000942e+71
1.8045888226824052e+71
5.4544219012206497e+70
1.6190853861935506e+70
4.734038959900965e+69
1.3664965982361712e+69
3.900791293460322e+68
1.1027777383204202e+68
3.089569518062488e+67
8.586433705184102e+66
2.3679716733908936e+66
6.48239724731959e+65
1.7628826244430425e+65
4.7616691702423536e+64
1.278070475613257e+64
3.4091257727288835e+63
9.04339762004516e+62
2.3873138001868624e+62
6.278408519696317e+61
1.6485288171920386e+61
4.331786472892294e+60
1.1447524782846807e+60
3.0578431859919635e+59
8.319967280038877e+58
2.322619204011632e+58
