5.388635487612629e+71
4.978082081125627e+73
1.5813248550099301e+74
2.787091662063478e+74
3.8404440584703236e+74
4.636965814217516e+74
5.161560321070926e+74
5.440984806378961e+74
5.514087319599678e+74
5.425038441823568e+74
5.21562900500418e+74
4.920985315481493e+74
4.572131546475721e+74
4.1941998180352143e+74
3.8056525532835273e+74
3.4211713099421446e+74
3.050870622299779e+74
2.701640456005307e+74
2.3778998713796204e+74
2.0815238364517643e+74
1.19965910235652e+74
4.77304827305666e+73
1.7767126582569898e+73
6.3260853697003216e+72
2.181041761504611e+72
7.334953395490365e+71
2.416452745321425e+71
7.826113939523337e+70
2.4959247233919566e+70
7.850173900985167e+69
2.4369541891123475e+69
7.471742282299331e+68
2.2632618471162193e+68
6.774898856541635e+67
2.006161840327902e+67
5.882658434296304e+66
1.7126600786174886e+66
4.972219819703496e+65
1.4499809916541893e+65
4.2977726365166237e+64
1.3153018773684055e+64
4.2288765389810366e+63
1.4467777586815045e+63
5.280640455152567e+62
2.0368187332521102e+62
8.17043597746004e+61
3.35148531541603e+61
1.3877360740971936e+61
5.752388527857858e+60
2.373664803688963e+60
