5.906443306134846e+71
4.6064746017250306e+73
1.3347201987557543e+74
2.220137891446208e+74
2.9293273694877196e+74
3.4114852799777397e+74
3.6791187387324896e+74
3.7663993520644883e+74
3.7128016731872464e+74
3.556904547350671e+74
3.332541687878464e+74
3.065548159979274e+74
2.7786888028112675e+74
2.4876926882172273e+74
2.2041962351162753e+74
1.9357466954238275e+74
1.6872828640046895e+74
1.4612455611694662e+74
1.2582796951168317e+74
1.0782473789045213e+74
5.751462122564829e+73
2.057802607963158e+73
6.954800144802046e+72
2.2616048958421597e+72
7.146264464090637e+71
2.2074724733916236e+71
6.690549242516662e+70
1.994925255678329e+70
5.861158887748666e+69
1.6985658653926723e+69
4.858472276486734e+68
1.3721325947560099e+68
3.8265310883215016e+67
1.054046164106703e+67
2.8699031923381574e+66
7.730242394662001e+65
2.0653776532110464e+65
5.500032724635609e+64
1.4722036675791605e+64
4.015135139288419e+63
1.1367947246513906e+63
3.4081032450737037e+62
1.096540310093e+62
3.786556816267965e+61
1.3838946646478666e+61
5.2468122523283704e+60
2.0269441914244544e+60
7.8741115495851865e+59
3.051344961450428e+59
1.1746208267665045e+59
