1.8031610755220517e+71
2.9030892986780957e+73
1.2549521280344066e+74
2.7461212313179686e+74
4.4651213920006355e+74
6.152026571716243e+74
7.632950059842779e+74
8.817745504904944e+74
9.676275556451144e+74
1.0215620817780915e+75
1.0466609227882073e+75
1.0472751383517129e+75
1.0277027124685441e+75
9.924562634892628e+74
9.455485974302104e+74
8.90373484282736e+74
8.299694307767423e+74
7.668879899657274e+74
7.031575803583764e+74
6.40222838796934e+74
4.239142149590885e+74
2.0197828728246874e+74
8.768425990308334e+73
3.574411032710201e+73
1.3932753982799727e+73
5.249930844834819e+72
1.926611337430413e+72
6.922457660757537e+71
2.4442561780183914e+71
8.498139181661262e+70
2.9178094802951146e+70
9.898871697897649e+69
3.322385990975692e+69
1.103967037568402e+69
3.633456253160719e+68
1.1853784092153298e+68
3.833820306050429e+67
1.2301821447656838e+67
3.920928098284967e+66
1.2426827162795913e+66
3.9277778310309607e+65
1.242442137713424e+65
3.955691294871468e+64
1.2770614002520673e+64
4.222435892296109e+63
1.4438551520868834e+63
5.146845742238447e+62
1.9200664127609806e+62
7.476368298235321e+61
3.0156699884442323e+61
