5.633885942916321e+71
4.855611189121995e+73
1.4801628695855642e+74
2.5414899604694144e+74
3.4358513946735916e+74
4.084407769637998e+74
4.486682633194667e+74
4.672418859808456e+74
4.682703080471738e+74
4.558290398718451e+74
4.3372063372386514e+74
4.051909217658222e+74
3.7282926734529114e+74
3.38808659969059e+74
3.0458867267695927e+74
2.71354621337248e+74
2.3988399124115727e+74
2.106254654198131e+74
1.83821152867587e+74
1.5963346011073995e+74
8.933833229285787e+73
3.4159163528688503e+73
1.2269692274429295e+73
4.2260004470908116e+72
1.4115561157810753e+72
4.602466180270476e+71
1.4713719230861658e+71
4.624877724102188e+70
1.432070496264974e+70
4.373804840160597e+69
1.3185077436602398e+69
3.924353652763859e+68
1.15407644646028e+68
3.35298968533874e+67
9.633265645539387e+66
2.7398097432052747e+66
7.732877573286665e+65
2.176823044645822e+65
6.15592798752446e+64
1.7720819496746027e+64
5.276172516297824e+63
1.655981045023619e+63
5.549912756713679e+62
1.9888033302019728e+62
7.535887023238333e+61
2.966303708335689e+61
1.1922711887702047e+61
4.8298992831526684e+60
1.9555563294096353e+60
7.875216736266961e+59
