5.130202189096981e+71
5.013088361729568e+73
1.6507085254587006e+74
2.977989338375673e+74
4.174389214648218e+74
5.1086638349975e+74
5.752879925219524e+74
6.124865775280273e+74
6.264891745065012e+74
6.217192323869825e+74
6.026101030356669e+74
5.730879321386375e+74
5.365388628634612e+74
4.957875086065783e+74
4.531240275509455e+74
4.1019134754676975e+74
3.682504055691699e+74
3.28246026947917e+74
2.907652194961229e+74
2.5610839695447333e+74
1.5095326917619917e+74
6.189593986832403e+73
2.3674972043946682e+73
8.644337984665582e+72
3.052072001625503e+72
1.0499244053692015e+72
3.537593591254682e+71
1.1711759106485206e+71
3.817708133523359e+70
1.2270531290143364e+70
3.8932047933343084e+69
1.220025681143024e+69
3.7775033320233833e+68
1.1562257198784853e+68
3.5008277635269576e+67
1.0499772547379614e+67
3.126208407787317e+66
9.278960004154595e+65
2.7644045479949464e+65
8.354798145035417e+64
2.5994847892226737e+64
8.46371015692288e+63
2.9222016213335204e+63
1.0744068295002896e+63
4.175387839078672e+62
1.690676650920327e+62
7.017800348636255e+61
2.9465321821025754e+61
1.240566616525911e+61
5.206651483878319e+60
