4.863845453502605e+71
4.994452134408445e+73
1.697837257514019e+74
3.1279637093426556e+74
4.4523900054465367e+74
5.515588625443092e+74
6.273336617548663e+74
6.738175179091082e+74
6.946553535769951e+74
6.943527788450146e+74
6.776499240960993e+74
6.486451058041597e+74
6.110881019829616e+74
5.681491278491501e+74
5.222146198362882e+74
4.754137438210304e+74
4.291842249754613e+74
3.8462075863593165e+74
3.4244998292179533e+74
3.0315569966324853e+74
1.8194876477520019e+74
7.644903137630579e+73
2.988309435681826e+73
1.1130802302771295e+73
4.004752303909217e+72
1.4029352430798258e+72
4.810888700571376e+71
1.6205989025589525e+71
5.3747853396248585e+70
1.757543936908275e+70
5.672472020162639e+69
1.808511807391671e+69
5.698366292947518e+68
1.7749308282027728e+68
5.47065571393949e+67
1.6704851688991645e+67
5.0634349193885695e+66
1.5292267178334416e+66
4.630229135961718e+65
1.41971601016652e+65
4.4659332050986727e+64
1.4642683225897056e+64
5.07307516954318e+63
1.8679328408286968e+63
7.275051312706446e+62
2.957053181153657e+62
1.2357664848808983e+62
5.238369193469639e+61
2.2299661685144387e+61
9.477993267202875e+60
