1.2159775828616508e+71
2.0258986350197623e+73
8.902860000019158e+73
1.9695229751784086e+74
3.229215626982501e+74
4.478885512212594e+74
5.587895758092505e+74
6.482716799592932e+74
7.136437835235837e+74
7.550254069966374e+74
7.748406429783821e+74
7.757872255882121e+74
7.614393094822578e+74
7.349880707431308e+74
6.995976273938769e+74
6.580365653366852e+74
6.125705613694884e+74
5.649476508629841e+74
5.170049303745531e+74
4.69677392938827e+74
3.079031299878661e+74
1.4388727265709578e+74
6.10165963716958e+73
2.422415914086691e+73
9.171175168702909e+72
3.350678234353616e+72
1.1906703355602655e+72
4.1390056761044055e+71
1.4127662052842848e+71
4.749769259769233e+70
1.5756061590902386e+70
5.1681793805586936e+69
1.6773011518924581e+69
5.391674241843731e+68
1.7179463204737517e+68
5.427190274786582e+67
1.7008617073585022e+67
5.289476047688961e+66
1.6329084271210921e+66
5.008586432637467e+65
1.5269646085951398e+65
4.636873301913699e+64
1.4049366364759222e+64
4.262491291726272e+63
1.3012483216827283e+63
4.024058738990502e+62
1.2712747844591363e+62
4.1359891511704836e+61
1.3964684466169957e+61
4.910480510255908e+60
