2.317294030288333e+70
3.027656854064417e+72
1.0611719165248008e+73
1.8795320593683218e+73
2.474972046529618e+73
2.76988688171399e+73
2.8012280992531877e+73
2.6465753119776063e+73
2.3825917798843678e+73
2.067963592939047e+73
1.7452540269338274e+73
1.439588625776051e+73
1.1657718537154496e+73
9.292833083677758e+72
7.308794194812765e+72
5.679506377327801e+72
4.368976821721201e+72
3.329931130833632e+72
2.5162143760553608e+72
1.888034831692508e+72
5.900444485732867e+71
8.818697996709421e+70
1.1766461773236922e+70
1.4547527603426146e+69
1.7037101402588132e+68
1.9186306188621547e+67
2.0948988920324335e+66
2.23385721875994e+65
2.3359003072468277e+64
2.4031439267363626e+63
2.438476062864989e+62
2.445450429845172e+61
2.427327804269256e+60
2.3876438920372628e+59
2.3290808150736518e+58
2.2558138106580784e+57
2.1694988225627046e+56
2.0725399531254307e+55
1.9672730141319277e+54
1.856157758133892e+53
1.740068535075679e+52
1.6214473056758975e+51
1.5011658476882592e+50
1.3811317874684136e+49
1.2638854951839467e+48
1.150360346902585e+47
1.043222854343557e+46
9.444454747502115e+44
8.566707577742844e+43
7.831614638937279e+42
