3.754386871344383e+69
1.6285668214460849e+71
1.9621032554875279e+71
1.2588447528210424e+71
6.245364778712182e+70
2.7115264586252037e+70
1.0852715209961572e+70
4.1180483166762114e+69
1.5035501777057211e+69
5.3330109126699335e+68
1.8513829398595343e+68
6.30550298417959e+67
2.1172376349908738e+67
7.024329007713232e+66
2.305764600271548e+66
7.493686916207059e+65
2.415992660672339e+65
7.731001971372658e+64
2.456251998770427e+64
7.754271483473017e+63
8.778318590088555e+61
8.466844855301412e+58
7.149593845710782e+55
5.547764965448737e+52
4.062079638125218e+49
2.8512421394411785e+46
1.9331781986820308e+43
1.2755138201877023e+40
8.227577805831708e+36
5.205682054712286e+33
3.2368347154032515e+30
1.985619780128875e+27
1.202809089227151e+24
7.204144557005352e+20
4.2758644124000134e+17
251491296659183.12
146792718680.5654
85015395.31915168
48980.88507229885
28.012036694502815
0.015924740972623093
9.004090541444604e-06
5.05239130343254e-09
2.8195848595090833e-12
1.563166399069286e-15
8.61650804949248e-19
4.716647816795743e-22
2.5729412478209257e-25
1.399790779588603e-28
7.61986780066855e-32
