5.691107135068497e+71
2.010319093365351e+73
4.898525504140259e+73
7.044058802329889e+73
8.050802207010912e+73
8.114192949165036e+73
7.550362599740191e+73
6.644450253525986e+73
5.608294172659067e+73
4.5816749470327935e+73
3.644956522701637e+73
2.836853256338738e+73
2.1678765161662897e+73
1.631118588295193e+73
1.2112623705363972e+73
8.89515920824087e+72
6.4716361215977895e+72
4.671011117866947e+72
3.3494683770201114e+72
2.3888278892183425e+72
6.315754080056736e+71
8.100144141259971e+70
1.0525899377587461e+70
1.4007150134879996e+69
1.8874374323263614e+68
2.543689921631772e+67
3.402788614580974e+66
4.502521275762581e+65
5.883608322679142e+64
7.587272514652745e+63
9.651014308137655e+62
1.2104290216205986e+62
1.4957152222533256e+61
1.8194130257172965e+60
2.17617756694305e+59
2.556695199048137e+58
2.9487363970387854e+57
3.339559482136304e+56
3.726332517391428e+55
4.1383407655256277e+54
4.673685828149654e+53
5.578488205448948e+52
7.381787143490368e+51
1.1133075222348098e+51
1.88090963427591e+50
3.4000997775812267e+49
6.304944172931644e+48
1.1689293889939916e+48
2.1411690077609225e+47
3.858048305937136e+46
