5.19877422760023e+70
8.230595954649558e+72
3.4345649524850077e+73
7.196761086282583e+73
1.1163303781566362e+74
1.464780320762803e+74
1.72932871091799e+74
1.9003712616353578e+74
1.9827292290018522e+74
1.9897302360732612e+74
1.9374016171926645e+74
1.841171584597148e+74
1.7154589940123313e+74
1.5722704741937906e+74
1.420645313196271e+74
1.268730708279726e+74
1.121180997746959e+74
9.814970801225232e+73
8.522752912886533e+73
7.346395535066921e+73
3.9292142461295566e+73
1.3413507556049146e+73
4.133766511163612e+72
1.187901835316948e+72
3.2467546533886303e+71
8.548383189544025e+70
2.1863750887498536e+70
5.4649174592454156e+69
1.3409418346059952e+69
3.239462390263403e+68
7.724370525177474e+67
1.820613235663807e+67
4.249034572911942e+66
9.830190934482635e+65
2.2548336376277003e+65
5.1343130101482386e+64
1.1605061374159984e+64
2.6053362022494054e+63
5.809308872862485e+62
1.2870254755887698e+62
2.8328740168458403e+61
6.197247629079313e+60
1.3482903272191049e+60
2.919074328156432e+59
6.294358978253459e+58
1.3552091467997324e+58
2.9212420496922595e+57
6.331505268589183e+56
1.3886244301794167e+56
3.106151893721275e+55
