5.00064224748824e+71
5.0067595477214505e+73
1.6751721338678451e+74
3.0543386768521733e+74
4.3143603110253655e+74
5.312334180323459e+74
6.012616720926348e+74
6.429866416471287e+74
6.603668823401701e+74
6.577732705569325e+74
6.397708184803902e+74
6.104424949176824e+74
5.733669458600249e+74
5.314378855747566e+74
4.870886755449324e+74
4.4225166189311323e+74
3.981536270027102e+74
3.55878352342809e+74
3.160694665324819e+74
2.7913895401234224e+74
1.660534789411133e+74
6.895196472505311e+73
2.6671535515761704e+73
9.84060867447998e+72
3.5083733293009627e+72
1.218511477986e+72
4.1434309400563774e+71
1.38422268273285e+71
4.552952222076583e+70
1.476678223771341e+70
4.728378285572233e+69
1.4951016955409022e+69
4.671761556403757e+68
1.4431813431230692e+68
4.411017825195709e+67
1.335268202710464e+67
4.013719408355596e+66
1.2022442237136131e+66
3.6132094768658697e+65
1.1002931652807414e+65
3.444169166482647e+64
1.1261447778390648e+64
3.897246503722479e+63
1.4348999773555249e+63
5.5861482799442e+62
2.268058581313184e+62
9.451688522427491e+61
3.989662206271142e+61
1.6901828154781642e+61
7.141656873012087e+60
