9.723222762307857e+70
1.6171298173059687e+73
7.079890670721848e+73
1.5583823910317942e+74
2.5418486935984986e+74
3.5078245605261784e+74
4.35372217568635e+74
5.025785124140909e+74
5.505144496472711e+74
5.797386483136097e+74
5.919802343553444e+74
5.898758863994032e+74
5.761569122302168e+74
5.534782997021103e+74
5.243022383384548e+74
4.907555795280524e+74
4.545422903030805e+74
4.173159570590504e+74
3.800296850148615e+74
3.435947511365516e+74
2.211091213183509e+74
1.0050108952600871e+74
4.1482792658538343e+73
1.6028842446034238e+73
5.904534230011797e+72
2.099013610441791e+72
7.258630212208097e+71
2.454778667033885e+71
8.15273702278735e+70
2.6666188603930155e+70
8.61102814922318e+69
2.7487715695130692e+69
8.685126135022036e+68
2.718892569984374e+68
8.44087721449905e+67
2.5994766201286617e+67
7.944190054460801e+66
2.410065757156244e+66
7.260366653738497e+65
2.1733313431360736e+65
6.466072887025282e+64
1.9138405483652733e+64
5.642557426623904e+63
1.660889501647455e+63
4.8948050260524395e+62
1.4509341760872003e+62
4.350774913376735e+61
1.3300737122999434e+61
4.1751961178196125e+60
1.3565019929760595e+60
