3.2768814029365367e+71
4.355895931815224e+73
1.7025561931131476e+74
3.456890619606943e+74
5.294230994582955e+74
6.94696372551927e+74
8.281706371552024e+74
9.254570043675735e+74
9.87497052796059e+74
1.018016900462279e+75
1.0217498492478592e+75
1.0038588914592446e+75
9.693039994162738e+74
9.223099378075025e+74
8.667880927275438e+74
8.06154778356293e+74
7.428420462284215e+74
6.790894933092069e+74
6.163048266598113e+74
5.558919910224428e+74
3.5657065311090223e+74
1.637679032917034e+74
6.925826047817488e+73
2.7702480250272518e+73
1.0652475869581785e+73
3.974539948791942e+72
1.448263905105619e+72
5.17613964989256e+71
1.8202354574857007e+71
6.307521190843822e+70
2.1575977067698395e+70
7.293138923137688e+69
2.437779483318166e+69
8.061547548475999e+68
2.639795810641351e+68
8.561645366665814e+67
2.754226137204624e+67
8.804078975218061e+66
2.8050960850632873e+66
8.953703216577883e+65
2.884619148602368e+65
9.476971170851179e+64
3.213053856524872e+64
1.1379351867387795e+64
4.242306102963814e+63
1.6644314475230277e+63
6.823326531684378e+62
2.888482253817665e+62
1.2474463401404052e+62
5.442622263827861e+61
