2.334964314691067e+69
5.688129386360287e+70
3.550833803233261e+70
1.1015565517601153e+70
2.4995586777596878e+69
4.750374247490242e+68
8.061721966339445e+67
1.266812153612373e+67
1.884484536422624e+66
2.6953923813401537e+65
3.7474410828889274e+64
5.094101691481355e+63
6.8128847299289595e+62
8.98421595275167e+61
1.1728629751873841e+61
1.5182035719645933e+60
1.9494094616178488e+59
2.4878082996460435e+58
3.156183669317305e+57
3.984077718681814e+56
1.3524548793026991e+53
6.498588414027811e+47
2.76030065344926e+42
1.0796333964616428e+37
3.9785638634879426e+31
1.4005863098688337e+26
4.760862501235252e+20
1575285518529811.0
5096441181.685835
16218.839929505652
0.05092966370007982
1.582605765251626e-07
4.885256567158805e-13
1.5000679776914703e-18
4.598354350026891e-24
1.405164166713031e-29
4.2578771476636036e-35
1.197503222151139e-40
2.7529397262245657e-46
3.501566516399477e-52
3.151233672597763e-60
0.0
0.0
0.0
0.0
0.0
0.0
0.0
0.0
0.0
