1.267363959710026e+70
1.3570542354714338e+72
3.869353537250316e+72
5.6457406366700184e+72
6.181240788057199e+72
5.7917700674953944e+72
4.930078942809698e+72
3.936492471670399e+72
3.0035585800621083e+72
2.2151830115376883e+72
1.59157958683525e+72
1.1191255047195359e+72
7.733830377263593e+71
5.265676137860319e+71
3.5388206006733873e+71
2.352018466582968e+71
1.5473909538395445e+71
1.0086357992664742e+71
6.523509660218585e+70
4.185322702145867e+70
7.171906723656721e+69
4.272111510367625e+68
2.253698832271401e+67
1.0984228822004192e+66
5.062468648174539e+64
2.243054829444096e+63
9.633552867686315e+61
4.03877264104323e+60
1.6598402471876427e+59
6.708447010303991e+57
2.672888779200785e+56
1.0522889979713873e+55
4.097142280178282e+53
1.581357503688212e+52
6.051428060390979e+50
2.2985961290790303e+49
8.663483538114154e+47
3.24586249971091e+46
1.2075962202340654e+45
4.46787922394895e+43
1.6415964538618984e+42
5.994188600232845e+40
2.1740062222534816e+39
7.84357485147689e+37
2.8089751013688576e+36
9.999358023511474e+34
3.540496470406049e+33
1.2499834089810347e+32
4.408514529131945e+30
1.5598681482400468e+29
