6.413100004216024e+70
1.0380306532064326e+73
4.4287583430203224e+73
9.490376167386159e+73
1.5060612415591185e+74
2.021174656859672e+74
2.4405986770873046e+74
2.74151667131869e+74
2.923229329036024e+74
2.996638478694415e+74
2.97967478903266e+74
2.8920165930281853e+74
2.7512788629314973e+74
2.5746216804620046e+74
2.375372485711716e+74
2.1656247409011927e+74
1.9538781908247495e+74
1.7465392866102722e+74
1.548590661042885e+74
1.3633107486973698e+74
7.911382631556054e+73
3.063953759747749e+73
1.074236583485601e+73
3.5181428885804102e+72
1.097772879000534e+72
3.301316269139197e+71
9.653133914727438e+70
2.7597008647768354e+70
7.74790136115771e+69
2.142039472272854e+69
5.846496734560241e+68
1.5777255486230566e+68
4.216349650193644e+67
1.1167971275500951e+67
2.933993671710093e+66
7.648969350048813e+65
1.979865090086287e+65
5.089656450185348e+64
1.299707598399362e+64
3.297768649747471e+63
8.314480004506416e+62
2.0839965566597034e+62
5.19722507871434e+61
1.2905823481885355e+61
3.197572564032778e+60
7.918901905903088e+59
1.969052485943892e+59
4.940945372630687e+58
1.2598674057512429e+58
3.2895375246984346e+57
