4.1854905860263475e+70
6.423921562194414e+72
2.5942461597188404e+73
5.265107030324858e+73
7.913395011312795e+73
1.0070200252146181e+74
1.1537895848949945e+74
1.2314168684742652e+74
1.248768482770715e+74
1.2183024982782166e+74
1.153675921647819e+74
1.0666786814492872e+74
9.67051306490545e+73
8.62527308124854e+73
7.587151534055666e+73
6.594772343903883e+73
5.67242410959056e+73
4.833330682494824e+73
4.085126222538615e+73
3.426932905545309e+73
1.650089999935248e+73
4.788695856065263e+72
1.2509644489747238e+72
3.0417032497931917e+71
7.025474829674307e+70
1.561908016082254e+70
3.371606662110489e+69
7.111848815176179e+68
1.4717494481871872e+68
2.9990565260598865e+67
6.028432554056629e+66
1.198202393038287e+66
2.357554277790779e+65
4.597528736713604e+64
8.893465041482387e+63
1.7072083483207784e+63
3.25441285382082e+62
6.161430788958937e+61
1.1585496602130406e+61
2.1652403674973396e+60
4.020687412603107e+59
7.418902916775211e+58
1.361085129169257e+58
2.483215136420579e+57
4.5096689612367594e+56
8.165469945874529e+55
1.4773446433193822e+55
2.6805933172220763e+54
4.904082599815825e+53
9.111840333351544e+52
