5.260980418713375e+71
5.0036301570179304e+73
1.619085486468805e+74
2.8878360973975064e+74
4.0145207254613063e+74
4.88103605457787e+74
5.466086220853652e+74
5.791762113876565e+74
5.897672603344167e+74
5.82868280670039e+74
5.627280672907478e+74
5.331645353680447e+74
4.973654991197714e+74
4.580067025346715e+74
4.17138191659193e+74
3.7636558777530264e+74
3.368557355649698e+74
2.993474578746129e+74
2.6434883999559164e+74
2.321604173540748e+74
1.3540531300012546e+74
5.474020913591839e+73
2.0672420774476367e+73
7.459459381220764e+72
2.604398778581435e+72
8.865782029572903e+71
2.9561642590601296e+71
9.686719642335914e+70
3.1257345614172767e+70
9.946299392715873e+69
3.1239137271123977e+69
9.689768530931185e+68
2.969273358006954e+68
8.995569650098538e+67
2.6956680843548644e+67
8.001347963025047e+66
2.357742442694007e+66
6.927386652990039e+65
2.0434187157855545e+65
6.123310262807199e+64
1.8916514435029712e+64
6.126555973885306e+63
2.108522046599983e+63
7.733041962771717e+62
2.997464682439741e+62
1.2091248819764827e+62
4.9943440103462685e+61
2.0845769716980683e+61
8.714790525216552e+60
3.6291938923947346e+60
