3.754718716707529e+70
5.626717082683367e+72
2.2262941078482544e+73
4.4309859238163666e+73
6.534007723277181e+73
8.159982256132153e+73
9.179253853817928e+73
9.625369828082991e+73
9.590322212764656e+73
9.195284593616301e+73
8.562768924718962e+73
7.785623228016342e+73
6.942745446871728e+73
6.09057437424523e+73
5.2701929292677903e+73
4.505984115587066e+73
3.812287942148725e+73
3.1956836218557464e+73
2.656663209872278e+73
2.1922011062971313e+73
9.901215901755386e+72
2.604390690227505e+72
6.156316033002839e+71
1.3531513744520653e+71
2.8241220151372325e+70
5.670071902504914e+69
1.1049811532078497e+69
2.1036458178122408e+68
3.928927137226935e+67
7.223631051953788e+66
1.3101220725473665e+66
2.34933714759336e+65
4.1701984466372255e+64
7.333897502851637e+63
1.279565341013589e+63
2.2154613317811425e+62
3.808976420927302e+61
6.504766168007467e+60
1.10355060547356e+60
1.859862477375763e+59
3.114974536737257e+58
5.185578193204334e+57
8.578526881132944e+56
1.411219818278425e+56
2.309624222914356e+55
3.767340961247872e+54
6.134210381456412e+53
1.0009033858036242e+53
1.6437343195019618e+52
2.7359654589341003e+51
