3.5238235399794494e+71
4.236117046565e+73
1.7154022248311944e+74
3.612736444497512e+74
5.702111432128303e+74
7.653943729964403e+74
9.268618641646329e+74
1.0456999741571025e+75
1.1207853668547556e+75
1.1563125775047462e+75
1.1578518094568871e+75
1.1320482531265765e+75
1.0857953311100597e+75
1.0248999485147166e+75
9.544750908495973e+74
8.786599424822576e+74
8.01061676982252e+74
7.238470261749051e+74
6.492308564078527e+74
5.782794007294927e+74
3.5213630553395853e+74
1.477515414621379e+74
5.631659208255024e+73
2.0073676020622523e+73
6.813355748610368e+72
2.2294744337817237e+72
7.093155374031938e+71
2.2079787436647943e+71
6.754785016243876e+70
2.0382681917495733e+70
6.081191488696599e+69
1.797983211891026e+69
5.278174222773504e+68
1.5401507913515757e+68
4.4740807465381575e+67
1.2952351404212951e+67
3.740203816815415e+66
1.0785030028473386e+66
3.108068499849047e+65
8.960657499841171e+64
2.586352928870215e+64
7.482069128987638e+63
2.1701549281493832e+63
6.320134305342413e+62
1.8488251643018056e+62
5.438049419819936e+61
1.6086156986327927e+61
4.790682150565657e+60
1.4367278913624757e+60
4.339282054667059e+59
