1.3735299908216542e+72
1.586625327544021e+74
6.292851761716238e+74
1.334899475664978e+75
2.1552414059571136e+75
2.985237713581047e+75
3.75022839448053e+75
4.404334440044809e+75
4.925214015619978e+75
5.309186714355303e+75
5.561647016974766e+75
5.6948855722013675e+75
5.726161849341308e+75
5.6694707466348435e+75
5.542509737004683e+75
5.360814460492284e+75
5.137094239414932e+75
4.882950846116371e+75
4.608848997236629e+75
4.323095014007223e+75
3.2269831587160264e+75
1.870241307021456e+75
9.991184055222819e+74
5.051715479349696e+74
2.4547109625168593e+74
1.1577921713232422e+74
5.3378533272607955e+73
2.416606777729747e+73
1.0782794825444835e+73
4.755508093816106e+72
2.0773742245265064e+72
9.004817757968676e+71
3.8802025572158615e+71
1.6643248520539805e+71
7.118835480323263e+70
3.0392330568286115e+70
1.2977896871747435e+70
5.550355484170253e+69
2.381760276764948e+69
1.0273436588748564e+69
4.462608187975827e+68
1.9559236787464624e+68
8.660811869309214e+67
3.880256518006083e+67
1.7601611432600273e+67
8.086417646091598e+66
3.761593655863914e+66
1.7700383087895066e+66
8.418206782565618e+65
4.039277654361625e+65
