5.314812979958729e+70
4.493004307421879e+72
1.304547434121526e+73
2.0540200580946568e+73
2.4635977514997673e+73
2.536617689642222e+73
2.3726242173972786e+73
2.0773722974984887e+73
1.7347607936192176e+73
1.3975138146625872e+73
1.0945960213855194e+73
8.382463121035068e+72
6.2995218543392795e+72
4.6617267993919545e+72
3.402664521137578e+72
2.4539319356039374e+72
1.7515173301981025e+72
1.2383699008030474e+72
8.683091596124595e+71
6.039006518131144e+71
1.4102837260402325e+71
1.3391095454581536e+70
1.1177956405869023e+69
8.525032615125001e+67
6.097179785898497e+66
4.1667760504968824e+65
2.755063281643452e+64
1.777314678711363e+63
1.1257041322554138e+62
7.028655220411529e+60
4.338065107547519e+59
2.653684107781197e+58
1.611773296712746e+57
9.736945870671062e+55
5.8573061929105036e+54
3.5133075720151926e+53
2.10434075363473e+52
1.2585152746971495e+51
7.527006920760329e+49
4.5046791114722807e+48
2.700125159183173e+47
1.621793580191959e+46
9.770482066345418e+44
5.906502775674227e+43
3.5845706195507296e+42
2.1860430239183014e+41
1.3403813460970033e+40
8.263124324765543e+38
5.126244938508647e+37
3.201748947072243e+36
