4.141557808024282e+71
5.037259604534311e+73
2.0608824980270444e+74
4.3882159124847613e+74
7.00570503384815e+74
9.51373483080079e+74
1.1654939093656566e+75
1.3303161115223555e+75
1.4425361269584263e+75
1.5055517635473302e+75
1.5247184875732742e+75
1.5079128344533071e+75
1.4627785223240416e+75
1.3964107309237875e+75
1.315262820248517e+75
1.224785527975979e+75
1.1292871210169944e+75
1.0323780979019572e+75
9.364806280723294e+74
8.437465980061982e+74
5.374474696395224e+74
2.4191144073430623e+74
9.916983992360774e+73
3.809737540915612e+73
1.3956967792050022e+73
4.934973625969531e+72
1.6979946900287933e+72
5.719252325394416e+71
1.8940453953505353e+71
6.187870232659405e+70
1.999603132287943e+70
6.4047836528671454e+69
2.0367712120551752e+69
6.4398080126854945e+68
2.0268764949992385e+68
6.358357236044799e+67
1.990025594139753e+67
6.220057613483148e+66
1.9427323694458165e+66
6.072098451852389e+65
1.9006607363618742e+65
5.963214467609407e+64
1.8768201642925376e+64
5.930926749103574e+63
1.8835891416574368e+63
6.017444558876222e+62
1.934549904882933e+62
6.261262831287241e+61
2.0414221974376976e+61
6.706951897481614e+60
