2.7303082548780036e+72
2.358179462018839e+74
6.689059974504523e+74
1.1028168322961518e+75
1.458803387702506e+75
1.71614170503659e+75
1.8792727987048086e+75
1.9616070706042376e+75
1.978864850529287e+75
1.946234048674623e+75
1.8768152735033975e+75
1.7816759185510336e+75
1.669858834841641e+75
1.5484620163634812e+75
1.423242983661904e+75
1.2980909683721972e+75
1.1762721054716654e+75
1.059816835574912e+75
9.501924628467031e+74
8.480932929868837e+74
5.307965667702566e+74
2.433417330183448e+74
1.0577602180794371e+74
4.437130306673268e+73
1.8143596518968098e+73
7.274103894036885e+72
2.871559869385889e+72
1.119439351659009e+72
4.3181909952214907e+71
1.6517836724152823e+71
6.273579461248267e+70
2.3702229287693282e+70
8.91816203248846e+69
3.3491443664251256e+69
1.2576755255918628e+69
4.734469963829397e+68
1.7924061671724366e+68
6.84686169106943e+67
2.6479569691544478e+67
1.0407370662227511e+67
4.168999915884992e+66
1.705630155738562e+66
7.131697087513982e+65
3.0446257027054745e+65
1.3242298933114306e+65
5.851582108146714e+64
2.6175361478807248e+64
1.1815322557056279e+64
5.3653153246092224e+63
2.4457462707308207e+63
