6.193119891662641e+71
7.894825396275637e+73
3.2734822253248974e+74
7.092724934519546e+74
1.1557287326331308e+75
1.6045433028445566e+75
2.0113962672764145e+75
2.350404096105275e+75
2.6100952153143353e+75
2.7891402110992652e+75
2.8928472050694186e+75
2.9301649404098032e+75
2.9110215238436973e+75
2.846250507824328e+75
2.7458255179008237e+75
2.6191772701992504e+75
2.4741987179164243e+75
2.3170694885377733e+75
2.1538598233301302e+75
1.989242791765791e+75
1.394239800926408e+75
7.289978437892498e+74
3.490563257142296e+74
1.5732148181741452e+74
6.78691566452164e+73
2.833161447064403e+73
1.1529278438614706e+73
4.59883827275413e+72
1.805471530662317e+72
6.997133096562005e+71
2.6837893794250747e+71
1.0205906588844785e+71
3.854843260305198e+70
1.4479751219332962e+70
5.415798107583498e+69
2.0195023673121734e+69
7.515601509389939e+68
2.7939760136060775e+68
1.0389054222987239e+68
3.8669403866573686e+67
1.442569741790107e+67
5.399964015341019e+66
2.029913624178042e+66
7.672972963768624e+65
2.9189700529862784e+65
1.1183901541075154e+65
4.3191183156709484e+64
1.682042850043759e+64
6.605368776214621e+63
2.616363494224972e+63
