1.8003198240637682e+72
1.9240542152689214e+74
7.387494224622209e+74
1.5338395345815583e+75
2.4367868066534872e+75
3.3331292259974056e+75
4.144749701042398e+75
4.827769061930513e+75
5.36272383852784e+75
5.7493958854494936e+75
5.996143996710527e+75
6.1181936230900986e+75
6.133577119472355e+75
6.059523646198321e+75
5.913692813346726e+75
5.712733668882938e+75
5.469150059369758e+75
5.195855035269552e+75
4.903317300100121e+75
4.598941955077239e+75
3.4392513783407935e+75
2.007224679976763e+75
1.0837141615181826e+75
5.550457557741237e+74
2.737133092595704e+74
1.3117033935130741e+74
6.1488188741224e+73
2.8322397849401624e+73
1.2862753410843115e+73
5.774892976045339e+72
2.5688084760210803e+72
1.1341393388456353e+72
4.97826170906601e+71
2.1762528277323468e+71
9.486557187821609e+70
4.131973711169428e+70
1.8015632179509056e+70
7.87483448320082e+69
3.4604365899993765e+69
1.5306529457067174e+69
6.835591286537493e+68
3.086235607359685e+68
1.4110516189172297e+68
6.541649640838633e+67
3.075375188489164e+67
1.4659076751799684e+67
7.078430316811368e+66
3.457589562397033e+66
1.7054050913493205e+66
8.47980845380086e+65
