1.5548334795548513e+72
1.7387433802131475e+74
6.804517227137438e+74
1.4306800961420975e+75
2.2948409771631996e+75
3.1627567229968172e+75
3.957173658563029e+75
4.6324475452924075e+75
5.167564313242432e+75
5.5587788592722964e+75
5.814208800052056e+75
5.946409176590738e+75
5.97243120876924e+75
5.910012076035004e+75
5.775539045604667e+75
5.584047034885295e+75
5.350819080260329e+75
5.086444804110548e+75
4.80170302154017e+75
4.505560103002897e+75
3.369830944053356e+75
1.9625147909364e+75
1.0551313539322245e+75
5.375199450685199e+74
2.6333769782451604e+74
1.2530789714737902e+74
5.830438954597832e+73
2.664576375649512e+73
1.2002952041702696e+73
5.344857573908869e+72
2.357664393763051e+72
1.0320730376131596e+72
4.491517364056221e+71
1.946133168416884e+71
8.408096286483838e+70
3.628102596419863e+70
1.5661515515353067e+70
6.77506244250433e+69
2.942777196349704e+69
1.2862622666625589e+69
5.665514479733671e+68
2.5209695880561986e+68
1.1345964146415964e+68
5.171867748003666e+67
2.389030598789264e+67
1.1182931126259729e+67
5.302574999167977e+66
2.5433442257453963e+66
1.2324833444578426e+66
6.024095288306266e+65
