1.0086706587516635e+72
1.2386804482170997e+74
5.04344473365369e+74
1.0866633561662003e+75
1.7729953583446712e+75
2.4736769906747894e+75
3.1232638439634968e+75
3.681276243110275e+75
4.1271408363348715e+75
4.455487899812051e+75
4.6707746283438645e+75
4.7834732238050645e+75
4.806748882176678e+75
4.755105746048964e+75
4.642745568128839e+75
4.482925415501764e+75
4.287213648474632e+75
4.0658112909467545e+75
3.8285604587161416e+75
3.5813045515641166e+75
2.6416819469450276e+75
1.498229544839083e+75
7.809847881651103e+74
3.8444198207078016e+74
1.8160833581390788e+74
8.318054662111317e+73
3.721075592730288e+73
1.6337891216799985e+73
7.06792283744684e+72
3.020895442188149e+72
1.2790496216395992e+72
5.372991586441052e+71
2.2428365734690495e+71
9.31945123492097e+70
3.858031956325763e+70
1.593916447454744e+70
6.5792480679604355e+69
2.7169917611202788e+69
1.124230072251003e+69
4.666217410384821e+68
1.9461561213986214e+68
8.166660001504336e+67
3.4530480890110804e+67
1.4733885670264352e+67
6.3475403879006545e+66
2.7636472976600382e+66
1.2164821402227902e+66
5.411625566363449e+65
2.4322548583093896e+65
1.103768158010052e+65
