2.778491752938919e+72
2.5749932048817617e+74
7.708021760133262e+74
1.3181497654847712e+75
1.7914347517050191e+75
2.153779238782812e+75
2.4025459907290984e+75
2.5495096104447987e+75
2.611382248775096e+75
2.6051452453536494e+75
2.5469536438058048e+75
2.4501187846751192e+75
2.326570877299012e+75
2.185150734496703e+75
2.033686604314747e+75
1.8779863952903072e+75
1.7225950218953555e+75
1.5708306861816988e+75
1.4250744836856878e+75
1.2871085893617491e+75
8.415425245042694e+74
4.10618330130468e+74
1.892723144288413e+74
8.398332935538602e+73
3.625483321980429e+73
1.5328383740170002e+73
6.374685899407473e+72
2.61642699334922e+72
1.0623449691922228e+72
4.275046829280762e+71
1.7081425350401646e+71
6.787956254908375e+70
2.6868874305043883e+70
1.0613353513804063e+70
4.192314383483423e+69
1.6599835168396711e+69
6.607992091402417e+68
2.652902253661948e+68
1.0776865224549095e+68
4.4442438205878105e+67
1.865789576767646e+67
7.98896945045204e+66
3.4907904123392165e+66
1.5555575195041156e+66
7.056814451663049e+65
3.2499912817981175e+65
1.5149857123549735e+65
7.125285762498264e+64
3.3725752160951864e+64
1.60264998001415e+64
