2.8419605035491622e+72
2.6968266382072696e+74
8.954907709779792e+74
1.6660356523002018e+75
2.423515452979633e+75
3.0817173213746097e+75
3.604750106009725e+75
3.986371388199882e+75
4.235996550937755e+75
4.3699921091179506e+75
4.407263401835679e+75
4.365814515732919e+75
4.262717372124065e+75
4.112469842660082e+75
3.927837933101011e+75
3.719815755697805e+75
3.4970838297980938e+75
3.266929844655656e+75
3.0346349021683744e+75
2.804976464058822e+75
1.9978691291901032e+75
1.1011123039292731e+75
5.691856145078433e+74
2.818020984325656e+74
1.352504738878073e+74
6.341859421301565e+73
2.919587547179462e+73
1.3246547273114974e+73
5.93983360051314e+72
2.638380588788461e+72
1.1625989156180045e+72
5.092166560074102e+71
2.220378419023729e+71
9.655544095088355e+70
4.195304314806585e+70
1.8245155242008695e+70
7.96184145054691e+69
3.495735060609187e+69
1.5478542879149046e+69
6.931680252603931e+68
3.147986039315901e+68
1.4521194922023223e+68
6.813492721956785e+67
3.252491896638199e+67
1.5779537941524962e+67
7.771203048186284e+66
3.876349900547564e+66
1.9533032688024686e+66
9.922380626731273e+65
5.068235168682804e+65
