9.204939062890759e+71
1.1466737639936874e+74
4.696893989001067e+74
1.0151580741445726e+75
1.6588924162045296e+75
2.3164430050518964e+75
2.9255076655909724e+75
3.4479572273111118e+75
3.8635243622343936e+75
4.168653160639279e+75
4.3668770438258905e+75
4.468348715446647e+75
4.4857427252669365e+75
4.433234789587474e+75
4.323412924604501e+75
4.169650871287969e+75
3.98254566750648e+75
3.771874795898348e+75
3.5468687918302684e+75
3.313349006517625e+75
2.429965821971435e+75
1.3648281790140838e+75
7.041196604963935e+74
3.428921292573924e+74
1.6013973594270615e+74
7.251189008527097e+73
3.205210151574892e+73
1.3905580980542878e+73
5.943509868401287e+72
2.5100009292858984e+72
1.0496679678704055e+72
4.354976118283429e+71
1.79578888691975e+71
7.367918369893288e+70
3.0123015190917403e+70
1.2288009174325965e+70
5.0063630473582366e+69
2.0400352167040215e+69
8.325109201944924e+68
3.4068259296680734e+68
1.3999666610710564e+68
5.785075720102908e+67
2.4070294362876475e+67
1.0097211370090188e+67
4.274161524597921e+66
1.8271321553959972e+66
7.891594038184965e+65
3.4439127293627406e+65
1.5180220818452403e+65
6.753609451454643e+64
