1.6101348022087298e+72
5.0103425112934515e+73
1.1466618185612368e+74
1.6122367458939353e+74
1.830958083080332e+74
1.8481607396663118e+74
1.731937875936434e+74
1.5415304286229718e+74
1.3206021085381284e+74
1.0980602124887007e+74
8.912208681417194e+73
7.091429974140402e+73
5.548602042637302e+73
4.2791414711210934e+73
3.260190244392949e+73
2.457093668128557e+73
1.834771111050252e+73
1.3591622922738893e+73
9.999255982649832e+72
7.312088381840439e+72
2.1102851432353103e+72
2.993906278867296e+71
4.1784599653710885e+70
5.932613851735304e+69
8.624506199214258e+68
1.275826267493405e+68
1.9033546577406765e+67
2.8430278044283592e+66
4.231747413866838e+65
6.260075890957956e+64
9.189803861793443e+63
1.3383622355931426e+63
1.9329457889987289e+62
2.769732808228751e+61
3.9411470708110675e+60
5.57655483678979e+59
7.866411578355167e+58
1.1109332439213695e+58
1.579547724545222e+57
2.2800630889840833e+56
3.3753775285277363e+55
5.179065843983342e+54
8.302837300744643e+53
1.3951333150254855e+53
2.4478305756413617e+52
4.448226582809791e+51
8.28360918931277e+50
1.565498470504036e+50
2.9796880747402513e+49
5.679578134975218e+48
