1.1096699709651607e+72
1.341156944809674e+74
5.422403646555419e+74
1.163687463766967e+75
1.893936432393755e+75
2.6390123997345453e+75
3.329538132778629e+75
3.922235135833381e+75
4.396910250716411e+75
4.747454582384687e+75
4.978142964320014e+75
5.100904675682069e+75
5.129205759252133e+75
5.078022222646692e+75
4.9625068114939505e+75
4.795939101022721e+75
4.591438280326333e+75
4.359011351809937e+75
4.1095302286139e+75
3.848871812882155e+75
2.853739962232082e+75
1.632891508814709e+75
8.593704306012976e+74
4.2746553812751933e+74
2.0411275870701286e+74
9.456208008736176e+73
4.2787576051412465e+73
1.900837412180804e+73
8.321746922769873e+72
3.6005274499486125e+72
1.5430066094661738e+72
6.561131919363571e+71
2.7730081549460603e+71
1.1665257741409385e+71
4.891322098846747e+70
2.0469272235210074e+70
8.559658897558558e+69
3.582929149970676e+69
1.5031961643002055e+69
6.330641949369344e+68
2.680445936030188e+68
1.1427681409097417e+68
4.9126954216014624e+67
2.1328331058697265e+67
9.357452618038199e+66
4.152267365020572e+66
1.8634915206768905e+66
8.455771391089442e+65
3.8761917941432617e+65
1.794309453368644e+65
