2.744512982911209e+72
2.4805720533133053e+74
7.257076685493652e+74
1.2213523338410987e+75
1.6403247925360971e+75
1.953759127644212e+75
2.1623024112607098e+75
2.278644700458776e+75
2.3193688615851103e+75
2.300474140920361e+75
2.2364755288821988e+75
2.140088116657675e+75
2.0214597037475687e+75
1.8889286146227674e+75
1.7493900637216047e+75
1.607693583471509e+75
1.467673885222098e+75
1.3319924903088028e+75
1.2029293682193715e+75
1.0814619230854914e+75
6.952008817595262e+74
3.312010708251359e+74
1.492997923386195e+74
6.486421854154727e+73
2.7441332745557314e+73
1.1375946596424398e+73
4.641355951902193e+72
1.8692724258774287e+72
7.449306466099986e+71
2.9431293641295543e+71
1.1545746425767094e+71
4.504707947013672e+70
1.7506242098278684e+70
6.788989327150833e+69
2.6328227349830122e+69
1.0235013790703195e+69
4.0001491463577375e+68
1.5766727051135097e+68
6.289374128755152e+67
2.5475486985155684e+67
1.0507732713204224e+67
4.42237405669328e+66
1.9003386378810936e+66
8.332534224647115e+65
3.7206260033100588e+65
1.687067795791679e+65
7.746268978850253e+64
3.588892436713807e+64
1.6734825817869238e+64
7.832890668109147e+63
