2.7090076079811424e+72
2.1981870265746529e+74
6.022107931577063e+74
9.714594338581339e+74
1.2646806519613943e+75
1.46845873450721e+75
1.5897117341939355e+75
1.6418795405874813e+75
1.6399381643450897e+75
1.5973591575346204e+75
1.5259953932806522e+75
1.4352296194451513e+75
1.3330353730807883e+75
1.2250155834678307e+75
1.1158933826954225e+75
1.0087495633056872e+75
9.060810212962064e+74
8.092892571400499e+74
7.193631118354373e+74
6.366171740564307e+74
3.859602013554182e+74
1.6901732272199712e+74
7.035231094303089e+73
2.830783039318239e+73
1.1113126233615383e+73
4.2811815789510254e+72
1.6244227444401095e+72
6.088037876759422e+71
2.2586829536948e+71
8.307796662118192e+70
3.0346027416748685e+70
1.1022338261109114e+70
3.988010054165701e+69
1.4397533465963972e+69
5.197219571734018e+68
1.881093648827592e+68
6.846338054731067e+67
2.5145987135280286e+67
9.357975766640651e+66
3.5408680741523684e+66
1.3670617824059108e+66
5.395493457401037e+65
2.1784848126033135e+65
8.988720842049696e+64
3.781404680223863e+64
1.616355325166996e+64
6.996790944649371e+63
3.0555101160390833e+63
1.3423334122262204e+63
5.916650753974311e+62
