2.1458544032328417e+72
2.1500517599842062e+74
8.043271206540839e+74
1.6400891871919419e+75
2.5699014160219204e+75
3.4753851484592275e+75
4.281186117035981e+75
4.9474347379321085e+75
5.459315774372598e+75
5.819352205106574e+75
6.039419280567635e+75
6.136722197388109e+75
6.130173642034233e+75
6.037317794287902e+75
5.876326143306456e+75
5.66254872597555e+75
5.409479161420252e+75
5.129794354766057e+75
4.8325446075199816e+75
4.526539218583548e+75
3.371145725309335e+75
1.9611352619694693e+75
1.0581950922002447e+75
5.425859670034986e+74
2.682305289106623e+74
1.2899515879075181e+74
6.072230752611327e+73
2.8103412196788556e+73
1.2828271475969225e+73
5.791246816615326e+72
2.590844764461599e+72
1.1507526266703768e+72
5.083500595046908e+71
2.236988092009837e+71
9.822796130338493e+70
4.311822442434365e+70
1.8957839803652778e+70
8.366290539155663e+69
3.714773896966031e+69
1.66324551250304e+69
7.525744314087232e+68
3.4482583717045766e+68
1.60204870503777e+68
7.553618281688688e+67
3.614391449217092e+67
1.7542772261644272e+67
8.624319312322667e+66
4.285590700168554e+66
2.1495575122457937e+66
1.085906108033752e+66
