2.839001480234661e+72
2.6615048138921717e+74
9.015834816832622e+74
1.7064439695685137e+75
2.5184900128477823e+75
3.242002877130281e+75
3.832366127311214e+75
4.277104393473324e+75
4.581739773639873e+75
4.761189290355983e+75
4.833333933608943e+75
4.816861975417475e+75
4.729596865343675e+75
4.587074204182061e+75
4.403514691188125e+75
4.190291736588432e+75
3.957831600034567e+75
3.713879546243579e+75
3.4649465063189716e+75
3.2161674565592404e+75
2.3261422961521374e+75
1.3094245324323418e+75
6.902233188504606e+74
3.4807262029555116e+74
1.6999716925612183e+74
8.107090383664066e+73
3.794201163567714e+73
1.7493452779073402e+73
7.968622652121548e+72
3.594316804519903e+72
1.608471067668134e+72
7.151655449108589e+71
3.1656493381003027e+71
1.3968257669028965e+71
6.156829118908291e+70
2.7153711549125307e+70
1.20142826165226e+70
5.3432574516003425e+69
2.3952692654275874e+69
1.0852758507265004e+69
4.982234832356329e+68
2.3215117717122864e+68
1.0993226744726349e+68
5.2927381488301733e+67
2.5903061580975667e+67
1.2862752881144055e+67
6.4694031146911735e+66
3.2886914496536708e+66
1.6856173957365227e+66
8.691842794374169e+65
