2.3873145089696597e+71
2.3563811432562637e+73
6.640512031933923e+73
1.0092554501817152e+74
1.1915453816020172e+74
1.230546618988623e+74
1.1704589107746811e+74
1.0533901417659167e+74
9.100944001595933e+73
7.623594966335626e+73
6.229141979298112e+73
4.98455060454844e+73
3.9193892679073963e+73
3.035797517518423e+73
2.3207447942459872e+73
1.753285972444482e+73
1.3109624011520816e+73
9.709939345159247e+72
7.131479653808492e+72
5.198261440362538e+72
1.4538938970676903e+72
1.8394925016264368e+71
2.0903272546611044e+70
2.2123122900573797e+69
2.228202733134036e+68
2.1659162206716272e+67
2.050267800445666e+66
1.9016265755331182e+65
1.7360039392151911e+64
1.5640299170279063e+63
1.3947075503446432e+62
1.232492899979485e+61
1.0802501969407392e+60
9.403394620046032e+58
8.130068418802723e+57
6.988243433421463e+56
5.972721811666243e+55
5.077288166188178e+54
4.296293095281301e+53
3.619753866129275e+52
3.0390489709689427e+51
2.5446406994136355e+50
2.1273543528611787e+49
1.7792743990661087e+48
1.4918600050104722e+47
1.257436089151869e+46
1.0689491248193142e+45
9.201314867403097e+43
8.054049323191567e+42
7.191437708605147e+41
