2.8036568117870817e+72
2.6700978725561605e+74
8.288684181204783e+74
1.4567668711879104e+75
2.022349022764411e+75
2.4734560687045524e+75
2.7992135281356177e+75
3.0080702859324332e+75
3.1161133266806087e+75
3.1413562294272755e+75
3.1014641364722882e+75
3.0115032432641586e+75
2.8853165785444774e+75
2.73375755985686e+75
2.565873885122031e+75
2.389220027972424e+75
2.2094836689297877e+75
2.030914969925655e+75
1.857107835318284e+75
1.6903016338398022e+75
1.1371338926620414e+75
5.778363035476155e+74
2.766723056006594e+74
1.272839012205339e+74
5.690063001004804e+73
2.488779948813215e+73
1.070157569679892e+73
4.539226590013443e+72
1.9042222574521625e+72
7.915656917744323e+71
3.2664801743434446e+71
1.3403474643418102e+71
5.478519408114039e+70
2.234257257947365e+70
9.109737189558783e+69
3.72277375115216e+69
1.5287974904681855e+69
6.326245068392834e+68
2.6470479258384453e+68
1.1232592456497195e+68
4.846325732597891e+67
2.1304011603448248e+67
9.547357645345955e+66
4.3602621043890664e+66
2.026233213295448e+66
9.56078788957813e+65
4.566146384364707e+65
2.201343195894737e+65
1.0684559873997464e+65
5.209203467669538e+64
