1.2242847200443435e+72
1.4541483341125364e+74
5.83319170590816e+74
1.2460089738393124e+75
2.0217443594381926e+75
2.810516726053049e+75
3.540428320314357e+75
4.166855554111429e+75
4.6674783159577916e+75
5.0373751582302465e+75
5.281528418418211e+75
5.411749852081885e+75
5.442489531664119e+75
5.390256475419265e+75
5.269928381910857e+75
5.0963097619284665e+75
4.882087847419643e+75
4.639233685879709e+75
4.376652767666943e+75
4.103097690582171e+75
3.0543867121610366e+75
1.7600262760782267e+75
9.338415572669275e+74
4.685204304996228e+74
2.2578646891092537e+74
1.0558443832282915e+74
4.824492680896708e+73
2.1646330625326136e+73
9.571194423322677e+72
4.18243179360884e+72
1.8103789708378904e+72
7.775843620454499e+71
3.320280581840376e+71
1.411090528342897e+71
5.977638768872317e+70
2.5283094148414048e+70
1.0687429823625983e+70
4.524260946649369e+69
1.920470598969941e+69
8.188097545234766e+68
3.512653307333607e+68
1.5189061007996246e+68
6.630271592962282e+67
2.9247564467899715e+67
1.3050177133096132e+67
5.8947945248458386e+66
2.693907354001713e+66
1.2454829296882085e+66
5.818650332489949e+65
2.744497102735184e+65
