2.795032971700448e+72
2.632359596654153e+74
8.030923403538964e+74
1.3927148596226653e+75
1.9132824056998925e+75
2.3202020304279344e+75
2.6069729942010774e+75
2.7839099282266946e+75
2.867842124869457e+75
2.8763070473459565e+75
2.825859060930241e+75
2.731598612690685e+75
2.605441270006493e+75
2.4579776062219774e+75
2.2976091072232837e+75
2.1308301464147186e+75
1.9626682343200645e+75
1.7971252498696402e+75
1.6369572232162629e+75
1.4843298230371985e+75
9.847008088845747e+74
4.9051777388046e+74
2.3049248554243534e+74
1.0416516339686286e+74
4.576245053127298e+73
1.9677365016773105e+73
8.321443504994206e+72
3.4716632435946176e+72
1.4325598296901e+72
5.85750665720465e+71
2.378184568369724e+71
9.600706469007215e+70
3.859881537645871e+70
1.5486687391466842e+70
6.212914847117901e+69
2.4981205001233118e+69
1.0095387821774753e+69
4.113655303647726e+68
1.695170061465129e+68
7.08850418128295e+67
3.015527836107357e+67
1.3079802273000412e+67
5.785465191432609e+66
2.6092872953022027e+66
1.1977751772599158e+66
5.580600377671678e+65
2.632263012477637e+65
1.2529690174150124e+65
6.003087261346287e+64
2.887834096027455e+64
