2.6806658606896687e+72
1.992969130319792e+74
5.245559529754223e+74
8.26543578894486e+74
1.0574451113741585e+75
1.2100199430620605e+75
1.2926152544994704e+75
1.318458337087872e+75
1.3010599678328532e+75
1.2524044195568467e+75
1.1824653014638172e+75
1.0992861575949336e+75
1.0092156873973879e+75
9.168402718959685e+74
8.255471196498419e+74
7.378709717395676e+74
6.553281274291952e+74
5.787632440389441e+74
5.087205690436634e+74
4.452758029062232e+74
2.5902631820725975e+74
1.0688821229775578e+74
4.2047778557275015e+73
1.6022136944458992e+73
5.96327442281717e+72
2.1792919739644637e+72
7.847415025042426e+71
2.791757882577924e+71
9.832601915636698e+70
3.433480586451469e+70
1.1904013259686704e+70
4.103276303188077e+69
1.4086361377988395e+69
4.824190933329619e+68
1.6514378889962377e+68
5.667275145415194e+67
1.9557100932037412e+67
6.812267365379164e+66
2.404887006045184e+66
8.640363399757694e+65
3.1704682489154743e+65
1.190817460116471e+65
4.5823596490076234e+64
1.8042665832937238e+64
7.2485830063396e+63
2.9617272391298965e+63
1.2253785074117742e+63
5.116581076276813e+62
2.1482685734484925e+62
9.049226055970179e+61
