4.639033780003431e+71
5.928778127180391e+73
2.4394966569016283e+74
5.234548912204826e+74
8.428403617478644e+74
1.1550655859602052e+75
1.4282655190515192e+75
1.6458356817853905e+75
1.8017628246417078e+75
1.8981515099014476e+75
1.940690001157129e+75
1.937385270986696e+75
1.897049541324999e+75
1.8281934219030343e+75
1.738430752806172e+75
1.6342297857917835e+75
1.5210891923956786e+75
1.404019041603396e+75
1.2859995099357181e+75
1.1698562105452086e+75
7.737863836272124e+74
3.694805389957862e+74
1.610188117311244e+74
6.587927355539098e+73
2.574266414049779e+73
9.717493754926029e+72
3.571986517128326e+72
1.2861131453642167e+72
4.55459333535282e+71
1.5919134889776473e+71
5.5035913488482157e+70
1.8861434171255083e+70
6.418759615651511e+69
2.1719235370768863e+69
7.317865859515637e+68
2.4576448973695773e+68
8.235432200403149e+67
2.755587878002562e+67
9.219966006868245e+66
3.0866366290882232e+66
1.0350430444473547e+66
3.479690596634409e+65
1.1739552378575915e+65
3.97862286527157e+64
1.3555894054311738e+64
4.646904689935069e+63
1.6037039349086137e+63
5.57640829710785e+62
1.9536398971390638e+62
6.89739528255167e+61
