2.3738064293906017e+72
1.0440329051080476e+74
2.4267992703664466e+74
3.5475938667949035e+74
4.2471265962776226e+74
4.55586139027455e+74
4.562164969224581e+74
4.3584326884917613e+74
4.023502240048922e+74
3.618132038119606e+74
3.187318548833591e+74
2.7614618047288083e+74
2.359983916441776e+74
1.9943089190207432e+74
1.6696170264452436e+74
1.3868128203568754e+74
1.1444225631411923e+74
9.392175304528233e+73
7.672727252616912e+73
6.244207151487027e+73
2.7610856074389034e+73
7.668160162264745e+72
2.074462346206842e+72
5.508970263168058e+71
1.4389760825123687e+71
3.7015500078460127e+70
9.389379105420554e+69
2.3527422605087224e+69
5.829089195646236e+68
1.4298534724873834e+68
3.475700139278842e+67
8.380360139876625e+66
2.0068940834866643e+66
4.777826024322109e+65
1.1334036392644447e+65
2.684944439044261e+64
6.374977900362648e+63
1.523811808514414e+63
3.6890431913492888e+62
9.105676908293594e+61
2.3069390842670408e+61
6.031819274110512e+60
1.6318841320105338e+60
4.564687482844808e+59
1.3146568687480488e+59
3.875191023378734e+58
1.1611985313063291e+58
3.51586531234209e+57
1.070453977509812e+57
3.26500415229639e+56
