2.831820976281566e+72
2.7131778734767746e+74
8.799159104263738e+74
1.6039193586945923e+75
2.2932775843257283e+75
2.8740138811238574e+75
3.3203270673890868e+75
3.632486278766148e+75
3.823199817544382e+75
3.91044609247675e+75
3.912749756402139e+75
3.847596048111588e+75
3.730681642135804e+75
3.5760490277903816e+75
3.3944024710087785e+75
3.195102609932221e+75
2.9862065791060644e+75
2.7737486424124657e+75
2.5622790025918286e+75
2.355677716684702e+75
1.6447822678930906e+75
8.814874905536079e+74
4.4390443586630633e+74
2.1436373086581184e+74
1.004540309680849e+74
4.6015415659406385e+73
2.070980809294316e+73
9.190140655049113e+72
4.031516130772195e+72
1.7520288442901705e+72
7.558270997747333e+71
3.241495429492176e+71
1.3843679132206394e+71
5.897576386799546e+70
2.5111610278099065e+70
1.0708478522865836e+70
4.584195821062457e+69
1.9763893997190942e+69
8.59971594356292e+68
3.7890111507075954e+68
1.694064226608528e+68
7.703756127678659e+67
3.5654692173227364e+67
1.6798874653667932e+67
8.048499804767982e+66
3.913198405904608e+66
1.926816136181773e+66
9.58156266422802e+65
4.800463465532943e+65
2.4174217532550744e+65
