8.464715202685549e+71
1.0651237482296697e+74
4.378863549699838e+74
9.480117256204813e+74
1.5497235855136688e+75
2.1634249260829277e+75
2.7309383862335362e+75
3.2157366851004808e+75
3.599944170049774e+75
3.8796655065471766e+75
4.058994646116827e+75
4.147496895840258e+75
4.157914068629925e+75
4.1028137168398335e+75
3.994781657459746e+75
3.846605269808181e+75
3.66799265698579e+75
3.467784943573394e+75
3.255184590933218e+75
3.0353950107702676e+75
2.210185916726436e+75
1.2270812034781928e+75
6.252197118311778e+74
3.00460018532527e+74
1.3842430090058146e+74
6.179560976743489e+73
2.6921843753331618e+73
1.150629044794251e+73
4.843815108810237e+72
2.014080908463224e+72
8.293076449695124e+71
3.386775257965404e+71
1.3742465045488786e+71
5.548598237823284e+70
2.231381313664144e+70
8.951877354732315e+69
3.586275663758715e+69
1.4364837389522687e+69
5.759862914226533e+68
2.3150607474844417e+68
9.337772800705718e+67
3.785939606634734e+67
1.5442331920314954e+67
6.347806138561417e+66
2.631122181466356e+66
1.1008754206972983e+66
4.651586920808836e+65
1.98483105755823e+65
8.553344122798833e+64
3.7203986743131884e+64
