9.89817492175703e+70
9.431501007306132e+72
3.1745301076437794e+73
5.661261290908814e+73
7.619764041487223e+73
8.760806340450019e+73
9.116365245527683e+73
8.866569975281322e+73
8.21269835494531e+73
7.330705173094607e+73
6.360201599399317e+73
5.3938294060198596e+73
4.489016860274668e+73
3.677273141759431e+73
2.971304565398289e+73
2.373830369568636e+73
1.8765115458241287e+73
1.4701748255708217e+73
1.1422391533915667e+73
8.808279229047702e+72
3.0642273650856477e+72
5.373692500532956e+71
8.351389215126147e+70
1.1921958766022306e+70
1.5998995204770435e+69
2.0527196808353799e+68
2.548256794535651e+67
3.0855111250256744e+66
3.66474270454703e+65
4.286983687283376e+64
4.953787592396834e+63
5.670241350483967e+62
6.440428282783468e+61
7.267909177264237e+60
8.162608926500756e+59
9.136010420594535e+58
1.0197258729969162e+58
1.136346175609339e+57
1.2651862084721602e+56
1.4087096227898928e+55
1.5699361616805484e+54
1.7518606985875405e+53
1.959849168767902e+52
2.1986854484334805e+51
2.4737483008848995e+50
2.796324844241088e+49
3.1753840296520184e+48
3.625363301445655e+47
4.161612766855382e+46
4.8067086814615406e+45
