2.8212437372715488e+72
2.701631669758871e+74
8.5148011470797e+74
1.5148065602594046e+75
2.1232422745244636e+75
2.6171857308721548e+75
2.9815901407562342e+75
3.2221167099126934e+75
3.3550705100644406e+75
3.3982462017451767e+75
3.3693565524232794e+75
3.2851600197786738e+75
3.1597793905437125e+75
3.004981631038455e+75
2.830946248310257e+75
2.6455848445512135e+75
2.4551303464481395e+75
2.2645769589111646e+75
2.0776438311198616e+75
1.8972872926882246e+75
1.292190733788589e+75
6.682749479744367e+74
3.2532241663503026e+74
1.5206474987703067e+74
6.903717458361044e+73
3.065983920957795e+73
1.338316713980266e+73
5.761972768309688e+72
2.4531790653691933e+72
1.0349408078877087e+72
4.3344109291083475e+71
1.8053567002765142e+71
7.489243241599272e+70
3.100100694494335e+70
1.2829208520509825e+70
5.320926903218632e+69
2.217454306742347e+69
9.311435741734167e+68
3.9525927341773576e+68
1.700577014597217e+68
7.43732869960279e+67
3.312189487817176e+67
1.5031674114140012e+67
6.951122559980345e+66
3.2692143828589067e+66
1.5610962647525727e+66
7.545978422875326e+65
3.6817484252215663e+65
1.8090470675333918e+65
8.929501674060398e+64
