2.8316101024724692e+72
2.6396560592580813e+74
9.023640155519441e+74
1.7209180521146611e+75
2.555909691216801e+75
3.307932837750252e+75
3.928380332136746e+75
4.40141106278847e+75
4.731641402306722e+75
4.932066544048719e+75
5.020711872469219e+75
5.0163322412397385e+75
4.936874952275473e+75
4.798895929731765e+75
4.616360331391708e+75
4.401259988528155e+75
4.165060855450157e+75
3.91528537751183e+75
3.6589794455315034e+75
3.401953775466774e+75
2.475314431877848e+75
1.4049418279265657e+75
7.461192821944899e+74
3.788496695445403e+74
1.8627105594958937e+74
8.938826661308346e+73
4.20896823144056e+73
1.9522624105603753e+73
8.945052075703812e+72
4.0583441435320594e+72
1.8265754890492357e+72
8.167481528025924e+71
3.635580515016968e+71
1.6133369085257975e+71
7.149651192206421e+70
3.171013094532386e+70
1.410273202158792e+70
6.305365142482322e+69
2.8409357569331597e+69
1.2934102707709452e+69
5.963995239670414e+68
2.790824572996608e+68
1.3268983134454557e+68
6.412885858464027e+67
3.14946174757146e+67
1.569489393870567e+67
7.922197963913973e+66
4.041619503698327e+66
2.0790208826510607e+66
1.0761943986337928e+66
