2.0518479428587026e+72
7.326480181217064e+73
1.6764831454134392e+74
2.399268453052164e+74
2.7966216801017655e+74
2.9107902901288095e+74
2.8213249110739416e+74
2.603291982501213e+74
2.316686474444926e+74
2.0049442303876077e+74
1.6969578402818335e+74
1.4103901248012987e+74
1.1547359719274084e+74
9.336582566596492e+73
7.469752381186259e+73
5.923684627120302e+73
4.662813357746337e+73
3.647770722860715e+73
2.8389566619150794e+73
2.200092972556892e+73
8.054669128855566e+72
1.692953508446411e+72
3.531546191736487e+71
7.36111023665745e+70
1.5273789252795742e+70
3.1421056834422567e+69
6.396789348211662e+68
1.2881078539438735e+68
2.5667443783011597e+67
5.0633992189968015e+66
9.8943889533828e+65
1.9167187696231094e+65
3.683576286322822e+64
7.029600171537502e+63
1.33419558327913e+63
2.5238581765498567e+62
4.7730861686096515e+61
9.067531637345188e+60
1.740951377051478e+60
3.404606636740177e+59
6.83935279439509e+58
1.422561760240649e+58
3.078175510869385e+57
6.930103951750498e+56
1.6166758828002514e+56
3.878355902867815e+55
9.487392781279914e+54
2.3488454577479023e+54
5.849740625015405e+53
1.4588061139828875e+53
