2.8261232454934213e+72
2.71242149781595e+74
8.678663649308739e+74
1.5636871425995019e+75
2.2144341700763297e+75
2.7529558646167096e+75
3.1587509784396835e+75
3.435144759574056e+75
3.5966459294442205e+75
3.661117568478857e+75
3.6475698537661e+75
3.572050150350857e+75
3.450023261976743e+75
3.294468611713423e+75
3.1158284319149853e+75
2.9228345290188427e+75
2.722533487380865e+75
2.520465386797343e+75
2.3208222268839496e+75
2.1266692134616125e+75
1.467678813685652e+75
7.734672955963119e+74
3.833863533623798e+74
1.8236657164089394e+74
8.421891013014379e+73
3.8037279185258016e+73
1.688376613869601e+73
7.390265281303966e+72
3.1992018298522783e+72
1.372033409903769e+72
5.8427639911259e+71
2.4737607913764797e+71
1.0431734490678466e+71
4.3891819463567977e+70
1.846216304591062e+70
7.77976341128834e+69
3.293743495055239e+69
1.4043996294945723e+69
6.049576684199548e+68
2.6398195977730187e+68
1.1699540975454876e+68
5.276367711721034e+67
2.4232483948530778e+67
1.1332537610594024e+67
5.390944538049199e+66
2.6026901549241595e+66
1.2721467211009149e+66
6.278989227287475e+65
3.1213936401929773e+65
1.559188224439952e+65
