5.420575970811109e+71
6.874653127307791e+73
2.8438496636781163e+74
6.136739564154163e+74
9.950187433026336e+74
1.3735216272411375e+75
1.7114988424365097e+75
1.9877175334898127e+75
2.1933758200673336e+75
2.328944861352297e+75
2.400062840494497e+75
2.4155117962537427e+75
2.3845558149126985e+75
2.3162669486681237e+75
2.22029033742983e+75
2.104142975407777e+75
1.9747181491514094e+75
1.8372531747841806e+75
1.6967359461075396e+75
1.5565584738620529e+75
1.063259117535104e+75
5.340508411709097e+74
2.4533333035305713e+74
1.059763629908112e+74
4.3779251481797316e+73
1.7488820191673706e+73
6.808108495034085e+72
2.596967489238882e+72
9.747804437792357e+71
3.611461897442971e+71
1.3238699802648313e+71
4.8125975134880546e+70
1.7370541952793972e+70
6.235789350273915e+69
2.228932182102416e+69
7.941433031606525e+68
2.823698047370028e+68
1.002893004716001e+68
3.5616998703835354e+67
1.2658986871885843e+67
4.508521880827665e+66
1.6102825004144504e+66
5.7731902078052e+65
2.080195511889378e+65
7.538536649054302e+64
2.7497813587640607e+64
1.010345550191548e+64
3.740599212403187e+63
1.3961363306415696e+63
5.252745476410169e+62
