1.8695478498662575e+71
1.7402668645221557e+73
6.418239222752975e+73
1.2417058340410018e+74
1.8046035608278848e+74
2.2347520073239398e+74
2.4994081832053355e+74
2.607546262925871e+74
2.588693523009068e+74
2.4745647701104115e+74
2.298052328319208e+74
2.0850137917762388e+74
1.8558419864028696e+74
1.6259399848657172e+74
1.405645856850937e+74
1.2011910042260794e+74
1.0161433315598135e+74
8.519166556352752e+73
7.086246875609585e+73
5.852857085415731e+73
2.6549084750774815e+73
7.035710808523e+72
1.6700383162361975e+72
3.6652581429270734e+71
7.599140660265103e+70
1.5107955150429838e+70
2.909636208026055e+69
5.470248554567168e+68
1.0092889150954079e+68
1.8346733804965325e+67
3.2957451493552976e+66
5.862334249914722e+65
1.0348409889986864e+65
1.815780737088149e+64
3.1699751958151093e+63
5.51438263346012e+62
9.565175052338824e+61
1.6566940290387335e+61
2.8664237287950207e+60
4.961162065901859e+59
8.590227672083759e+58
1.490161069280345e+58
2.5901706315099087e+57
4.515324954381093e+56
7.904079252716148e+55
1.3889150136775734e+55
2.453155244588987e+54
4.357231104840056e+53
7.784317554193399e+52
1.3990409196823954e+52
