2.6353196425524956e+72
1.727406716943743e+74
4.34725879324623e+74
6.67950904786458e+74
8.380612828738041e+74
9.425389582191956e+74
9.906133176417836e+74
9.945814153696321e+74
9.662517534800076e+74
9.156265184906047e+74
8.510373922921181e+74
7.788437046192129e+74
7.038264185609227e+74
6.293594583151596e+74
5.57842311582326e+74
4.907864932230053e+74
4.2907002146226195e+74
3.7307689285467276e+74
3.228808139042591e+74
2.783123235916172e+74
1.5285151552799366e+74
5.807154939709898e+73
2.11227256010977e+73
7.461735044521057e+72
2.5784370513476067e+72
8.756053212913389e+71
2.9313156126907364e+71
9.696352825431195e+70
3.175024086094135e+70
1.0308229703272744e+70
3.321987736607246e+69
1.0641553925943106e+69
3.3940045029942403e+68
1.0792905647080524e+68
3.429416386937637e+67
1.0918743294427397e+67
3.495312219682261e+66
1.1292647133016784e+66
3.699476094397664e+65
1.2345762040424008e+65
4.213689161317783e+64
1.4747602687743327e+64
5.298031640279757e+63
1.9513353658566717e+63
7.344733954387192e+62
2.8140013071156456e+62
1.092598482623189e+62
4.281224262952823e+61
1.686874167323408e+61
6.665538971762382e+60
