7.192525010620382e+71
9.159621860522061e+73
3.7874015577933156e+74
8.21002581488516e+74
1.3412316295693875e+75
1.868793604455114e+75
2.3525364154380876e+75
2.7616396569933986e+75
3.081255592346923e+75
3.3084362424070006e+75
3.448445450452263e+75
3.510382685497211e+75
3.5049229844396447e+75
3.4445036222446034e+75
3.3397952560775885e+75
3.202590774126497e+75
3.040644071652988e+75
2.8625362203496404e+75
2.6752435363506856e+75
2.4834888032998696e+75
1.7768498226888772e+75
9.595124970008884e+74
4.748813590378185e+74
2.2142852120865416e+74
9.889719824232553e+73
4.276622116292007e+73
1.803739830044018e+73
7.460216926482192e+72
3.0375515435708385e+72
1.2212936704366727e+72
4.860276424360775e+71
1.9181857007111347e+71
7.518988703167453e+70
2.931984158868205e+70
1.1386788954105856e+70
4.409051406991791e+69
1.7041802325364794e+69
6.582617741823294e+68
2.543838818439848e+68
9.84659875764807e+67
3.821824417847112e+67
1.4892704376982893e+67
5.8344176705386865e+66
2.2999746269173403e+66
9.131396525733518e+65
3.6556743255821133e+65
1.4762536827034562e+65
6.016319080782135e+64
2.4747630813004905e+64
1.0269000935360174e+64
