2.5517751994052097e+72
1.4027908693426023e+74
3.374331936796348e+74
5.053185752712233e+74
6.201637215417351e+74
6.829034298052407e+74
7.028079488019013e+74
6.908267646852959e+74
6.568965907527718e+74
6.090848948906023e+74
5.537662464443535e+74
4.955385705195944e+74
4.3775727587873916e+74
3.826083204221127e+74
3.314506949133869e+74
2.849625202071509e+74
2.434617622318149e+74
2.069001837083563e+74
1.750238167103448e+74
1.4747785279712082e+74
7.439422222099291e+73
2.500242080893072e+73
8.096094044259785e+72
2.5557835171035418e+72
7.906741721218727e+71
2.4059534786954186e+71
7.218172683214108e+70
2.1396690795050903e+70
6.277337496791492e+69
1.8249677300201427e+69
5.26447917609869e+68
1.5084653264639061e+68
4.298706007040036e+67
1.2205242156898958e+67
3.459201469745995e+66
9.814229606313322e+65
2.7966426816731795e+65
8.039823701990899e+64
2.3434875781144053e+64
6.964279783028606e+63
2.1200919508355646e+63
6.636251461535517e+62
2.1388439836847076e+62
7.087789088571083e+61
2.4071086463706202e+61
8.335199414914491e+60
2.9282172657592063e+60
1.0386417690109239e+60
3.704319804640542e+59
1.3243347712103363e+59
