2.83795849626334e+72
2.7076120639830405e+74
8.891282545088042e+74
1.6384046114698063e+75
2.363908440843744e+75
2.9853729585193843e+75
3.471522940180303e+75
3.819531983917684e+75
4.040410047239962e+75
4.151500314884842e+75
4.171220569493555e+75
4.117911201714547e+75
4.0074569717750994e+75
3.854584216971691e+75
3.671100465495824e+75
3.46680830427375e+75
3.250295218346807e+75
3.028373573174963e+75
2.8060651128406567e+75
2.587313620847004e+75
1.8261576939495145e+75
9.937360098209636e+74
5.076732298791785e+74
2.4856252389955485e+74
1.180441797235105e+74
5.477928776761946e+73
2.4967301298086457e+73
1.1218114236621257e+73
4.982168991469348e+72
2.1918692025068956e+72
9.569248701491692e+71
4.1532082863476225e+71
1.794675965344538e+71
7.734489121502168e+70
3.331011744195138e+70
1.4363366172232215e+70
6.217741025094621e+69
2.708124066712195e+69
1.1901200231109005e+69
5.29290703406851e+68
2.3879761841734156e+68
1.0948549048929216e+68
5.1076362093925805e+67
2.4246419905707304e+67
1.1701686336182876e+67
5.731533781661866e+66
2.843056600360558e+66
1.424538737769738e+66
7.193477357684753e+65
3.651681241957592e+65
