2.445184029566568e+71
2.860205124779229e+73
1.1120869548068017e+74
2.2639006453253293e+74
3.458826738224417e+74
4.4942965335591735e+74
5.272299422203902e+74
5.764809334865204e+74
5.991717076097048e+74
5.993577970226605e+74
5.821883569155444e+74
5.522893474628806e+74
5.141501535192405e+74
4.70938118447073e+74
4.2562525520563636e+74
3.8026711040297543e+74
3.3639081830013643e+74
2.9499788503996394e+74
2.56648949712351e+74
2.2174367285158602e+74
1.1995882375562294e+74
4.1824375922967903e+73
1.316585106586561e+73
3.856955661594775e+72
1.0718525381101604e+72
2.8641088092914943e+71
7.429082588186262e+70
1.882929588450018e+70
4.686687290634212e+69
1.1497415219631188e+69
2.788256585267643e+68
6.69754822691444e+67
1.5968539448771175e+67
3.784197161670377e+66
8.925086306105288e+65
2.097474690284953e+65
4.915684029201546e+64
1.1502352562550196e+64
2.6896685359374168e+63
6.2897432691716e+62
1.4721553730373064e+62
3.451494417453745e+61
8.112730520290205e+60
1.9134147097449646e+60
4.5302782834351e+59
1.0778554165067572e+59
2.578408461793815e+58
6.203512696788558e+57
1.5021779120477329e+57
3.6620820086744658e+56
