2.837688700492404e+72
2.6790961149044607e+74
8.990232147465063e+74
1.6879088950941099e+75
2.474156002628207e+75
3.1666472050573938e+75
3.725065909228704e+75
4.139498870186165e+75
4.4179680752297964e+75
4.575586460530011e+75
4.630754500092153e+75
4.602275075071163e+75
4.507211620625126e+75
4.360897486426967e+75
4.176875202310674e+75
3.966054633075202e+75
3.738084889493579e+75
3.500480126875793e+75
3.259531995808855e+75
3.020027701969618e+75
2.1692613094626208e+75
1.2098249798268474e+75
6.322344112842004e+74
3.1626588601912113e+74
1.533101511394379e+74
7.257576929156537e+73
3.372644806291168e+73
1.544341737846815e+73
6.987055931450465e+72
3.130798787714404e+72
1.3917275607577955e+72
6.148872181362048e+71
2.704308733813678e+71
1.1859350679585013e+71
5.194565299675253e+70
2.2778187351126953e+70
1.0017021223448742e+70
4.429882306122961e+69
1.9756506558700055e+69
8.90632135203208e+68
4.069047939767273e+68
1.887888243846978e+68
8.903838196195942e+67
4.270678765093617e+67
2.0820815567532477e+67
1.0302878329539209e+67
5.163785966448318e+66
2.6149604047373744e+66
1.335325168428384e+66
6.858655236200013e+65
