2.5917590950138587e+72
2.41398282879492e+74
8.717719401358586e+74
1.7343156961478914e+75
2.665157114242259e+75
3.5474081380893176e+75
4.3126336667200225e+75
4.928298042643721e+75
5.387415566944245e+75
5.696481981014188e+75
5.8711764040762494e+75
5.9304377563206845e+75
5.892975043934324e+75
5.777762012366854e+75
5.600771843876312e+75
5.377843953466693e+75
5.121626808996875e+75
4.842484576522469e+75
4.550531144759446e+75
4.252178366185592e+75
3.145211658722689e+75
1.818184137307066e+75
9.782617005580652e+74
5.014441415948055e+74
2.481731815483373e+74
1.1965686104942013e+74
5.6525975865236815e+73
2.62740351133128e+73
1.205275942104776e+73
5.470222270971176e+72
2.4617424715103226e+72
1.1003287625628276e+72
4.893375338472184e+71
2.1687795807056394e+71
9.599209413650491e+70
4.249680174005541e+70
1.8864139148247973e+70
8.413495217908139e+69
3.779663377773276e+69
1.7147310552493903e+69
7.873910264549693e+68
3.666161663955524e+68
1.7326664652239836e+68
8.318407912377756e+67
4.0547215072391295e+67
2.004202445183831e+67
1.0031713355842655e+67
5.0723696727477226e+66
2.586303957820252e+66
1.3269208498170135e+66
