2.4219530926772277e+71
2.4313245546142347e+73
8.934412042149634e+73
1.7316442220140205e+74
2.5297041805832907e+74
3.1568381988928733e+74
3.566645591417537e+74
3.766317715943414e+74
3.7895127192547313e+74
3.6782570602884097e+74
3.4719805710306156e+74
3.2051169851593873e+74
2.906888529286155e+74
2.5962308589132e+74
2.290130857893367e+74
1.9982244129788897e+74
1.7270743888266137e+74
1.4804566222522691e+74
1.2597016620483532e+74
1.0646129000285364e+74
5.304878309499269e+73
1.6423186415221156e+73
4.614368753187195e+72
1.212843936464187e+72
3.0388935875443383e+71
7.353296225401818e+70
1.7336463372106066e+70
4.007729239591505e+69
9.121524143459429e+68
2.0515897816687192e+68
4.570557957170506e+67
1.0106788386885254e+67
2.221300252935582e+66
4.860751457277819e+65
1.0596696356764822e+65
2.304705864116871e+64
5.00324568047362e+63
1.0853503403377145e+63
2.353847779706766e+62
5.10622640032372e+61
1.1093750189035528e+61
2.4139527354057647e+60
5.265070624109527e+59
1.151768769647716e+59
2.52890796827536e+58
5.575228766054498e+57
1.2353003640596919e+57
2.7515296512496812e+56
6.162731823753237e+55
1.3894667978795202e+55
