1.349893244703693e+71
1.2414939644887749e+73
4.1638316528883135e+73
7.460542287051526e+73
1.0125953403505962e+74
1.176817804985421e+74
1.240067373845387e+74
1.2232264424459463e+74
1.150969427540691e+74
1.0453930220624359e+74
9.236081337453959e+73
7.984375576566624e+73
6.779014434435739e+73
5.669206558093827e+73
4.6817393983916625e+73
3.822704495564376e+73
3.0908896027903594e+73
2.4774058224386157e+73
1.9705695705024885e+73
1.5563936793686997e+73
5.955797487243435e+72
1.2213023880559404e+72
2.2488999399875913e+71
3.842636391815997e+70
6.229049391771279e+69
9.720244702224333e+68
1.4755552928183368e+68
2.1933650175066526e+67
3.2087826498745313e+66
4.634942109358765e+65
6.630640652065564e+64
9.411584995588509e+63
1.3279097823045717e+63
1.8650741732086867e+62
2.6095545279782504e+61
3.643063541689984e+60
5.076721794788569e+59
7.069473593970552e+58
9.842816930458241e+57
1.371080441854425e+57
1.9123839482274972e+56
2.6705970505072166e+55
3.73909120118862e+54
5.249382280493585e+53
7.395065407536218e+52
1.0455854002573726e+52
1.48458952984043e+51
2.1194475645133777e+50
3.040003801985598e+49
4.385789961150415e+48
