2.4363046514268847e+72
9.685673786531684e+73
2.1606495766060146e+74
3.0547926942336234e+74
3.554429805710746e+74
3.718230172111766e+74
3.6390961584678883e+74
3.4035851219064034e+74
3.0799644052103957e+74
2.717439866501489e+74
2.350643827256523e+74
2.0012157889766334e+74
1.6818429216545742e+74
1.3986546901232067e+74
1.1530468499884893e+74
9.438105473446941e+73
7.679826349115321e+73
6.218414477597492e+73
5.015363072557647e+73
4.031416167302122e+73
1.7060148964684517e+73
4.454043483669582e+72
1.132589612205665e+72
2.8245951023012e+71
6.928784109160788e+70
1.6755595720884986e+70
4.00231861807938e+69
9.45605574556622e+68
2.213077084069657e+68
5.1356407116691993e+67
1.1827298148033729e+67
2.7057779103082808e+66
6.154533306481788e+65
1.3940296519731168e+65
3.149343361294664e+64
7.115325679141417e+63
1.6123283151619303e+63
3.680206218746109e+62
8.505731294670229e+61
2.0019161941600825e+61
4.8257219971369976e+60
1.196764878704525e+60
3.061249329310424e+59
8.071358002684254e+58
2.186876996034345e+58
6.05766497805599e+57
1.7058508553980537e+57
4.857458391373331e+56
1.3923765981098933e+56
4.003191913506931e+55
