2.6630398222386013e+72
1.3099177943683303e+74
3.0522944256709517e+74
4.439151491229972e+74
5.306384067257322e+74
5.705198388206683e+74
5.744582925595882e+74
5.532780510367059e+74
5.160753027212961e+74
4.698098437344478e+74
4.196624674801956e+74
3.692159526575084e+74
3.208260595293079e+74
2.7597573861281207e+74
2.353720602469039e+74
1.9932661399469654e+74
1.6780552897463783e+74
1.4055570927133273e+74
1.1722977219913766e+74
9.742219622235715e+73
4.667456738677578e+73
1.4540636135030005e+73
4.3683583613259734e+72
1.2802046208440541e+72
3.681312784706011e+71
1.0427602410249119e+71
2.916653617539584e+70
8.07181506701738e+69
2.2136934544198392e+69
6.023136777650328e+68
1.6279397641321316e+68
4.3744805737613316e+67
1.1703089634110888e+67
3.1218798909175108e+66
8.318920632095171e+65
2.2197429276285016e+65
5.948562267857627e+64
1.6073295193041148e+64
4.397204911825847e+63
1.2236419842030663e+63
3.4780643108446087e+62
1.0130567370825336e+62
3.0284443256115077e+61
9.285445388913792e+60
2.9133425919862152e+60
9.316232165184505e+59
3.0239928229673457e+59
9.917941555482678e+58
3.275293086140669e+58
1.0856414436001746e+58
