1.6169142667373905e+72
1.5192861642257103e+74
5.242039533750997e+74
9.844582001370878e+74
1.4241221369122234e+75
1.785861870417324e+75
2.0498602593176226e+75
2.217487096016177e+75
2.3000525066256428e+75
2.3126776652380717e+75
2.2707667722312837e+75
2.1880767819415343e+75
2.0765666625017233e+75
1.945872238121152e+75
1.8042445857227364e+75
1.657799826891568e+75
1.511316948409663e+75
1.368491485651802e+75
1.2315559946232709e+75
1.1024477138423495e+75
6.917305457678352e+74
3.118660347242482e+74
1.3087270966655782e+74
5.234833378000201e+73
2.0244490619007283e+73
7.634223493164799e+72
2.8245407878895754e+72
1.0293648806938144e+72
3.706130726465912e+71
1.321508759124125e+71
4.6749604015776285e+70
1.6430138505614013e+70
5.74581107033393e+69
2.001323193006206e+69
6.950614233121453e+68
2.410965491197517e+68
8.362806720291861e+67
2.905031298001636e+67
1.0127236947474659e+67
3.550039813362978e+66
1.2539491512097993e+66
4.473013990002249e+65
1.6150379930325895e+65
5.910882080363056e+64
2.1958777895549725e+64
8.28555381982543e+63
3.1738173350367047e+63
1.2335111026994624e+63
4.854343199541661e+62
1.9313924809762819e+62
