2.7198284120359272e+72
1.9621515233297327e+74
5.82566319660541e+74
9.837557736873766e+74
1.312865572846721e+75
1.5452780316460876e+75
1.6851175586509825e+75
1.7469439157072049e+75
1.747353153815444e+75
1.701962846789563e+75
1.6241342220981489e+75
1.5249617091473734e+75
1.412883628434458e+75
1.2945634586695425e+75
1.1753028746659021e+75
1.0584311748146554e+75
9.465747748817832e+74
8.414800829934176e+74
7.440170896893237e+74
6.5474450823876e+74
3.868200775743775e+74
1.611239605612496e+74
6.317815270535796e+73
2.3797494799538197e+73
8.713356434490333e+72
3.123291178656513e+72
1.101339826519203e+72
3.8330670811703827e+71
1.3199356983576329e+71
4.5057964559914736e+70
1.5272153187620053e+70
5.146010684495256e+69
1.7264299548928316e+69
5.774736151802121e+68
1.9284285324219349e+68
6.443811906152722e+67
2.1584570044915774e+67
7.267110844767715e+66
2.4660211449283033e+66
8.458534819870549e+65
2.9420640117232905e+65
1.0402470715575515e+65
3.745421548586676e+64
1.3746420289186319e+64
5.140133785600276e+63
1.956156112041924e+63
7.55906259639376e+62
2.9572657891946405e+62
1.1684538638414068e+62
4.6486152992745494e+61
