8.7931527265539e+71
9.700006593671524e+73
3.6425571581795636e+74
7.274446094621372e+74
1.1043234036160363e+75
1.4393434189184466e+75
1.7042041896496283e+75
1.8911598645518e+75
2.003178449635797e+75
2.049413434707119e+75
2.0419521412585695e+75
1.992222331381003e+75
1.910978995154984e+75
1.8071585408039704e+75
1.6893544699411605e+75
1.5632979445508812e+75
1.4340896583310871e+75
1.3057472853754396e+75
1.180909668145613e+75
1.0616081015357135e+75
6.743157184063009e+74
3.0631100274866957e+74
1.2829497687525513e+74
5.083827507115158e+73
1.9366486040874414e+73
7.166005807958e+72
2.5932631889917466e+72
9.226419118462923e+71
3.23774521622228e+71
1.1239587790139098e+71
3.8674766421611036e+70
1.3210982730412725e+70
4.488329105443844e+69
1.5177161499237365e+69
5.115094531033427e+68
1.7198713582002448e+68
5.77521297061364e+67
1.938894926125909e+67
6.515848181615839e+66
2.1948432345664e+66
7.420436656140329e+65
2.521176036084288e+65
8.622009197907264e+64
2.972430162020058e+64
1.0341689182568142e+64
3.636783282306952e+63
1.2926965547507441e+63
4.649641195643854e+62
1.6918966129026886e+62
6.222046735007267e+61
