6.226391535373372e+70
3.042961810582291e+72
7.659034686943061e+72
1.071561815132246e+73
1.1550696581816478e+73
1.0768078199741183e+73
9.171361161619957e+72
7.3442224246066e+72
5.627210763496204e+72
4.168643191931237e+72
3.0087630088865173e+72
2.1253553266790095e+72
1.474763123342321e+72
1.0078905450527542e+72
6.799754770525901e+71
4.536660889031977e+71
2.9939433585019256e+71
1.9583533866598584e+71
1.2699646161252897e+71
8.173781905075436e+70
1.4157863658891892e+70
8.5489589796054155e+68
4.5465248226587014e+67
2.2175180609005293e+66
1.0188673433647042e+65
4.489307454352063e+63
1.92030696230342e+62
8.03410547092734e+60
3.304465929620361e+59
1.3410877569441307e+58
5.387557039620232e+56
2.1456381473186218e+55
8.489558699531558e+53
3.343245262421223e+52
1.3113971940958986e+51
5.127721423058828e+49
2.001641493964096e+48
7.801748214573881e+46
3.04052645148124e+45
1.1850261511794532e+44
4.6218209744372784e+42
1.8054998258432034e+41
7.062966894156909e+39
2.7699969049422313e+38
1.089389654109725e+37
4.299220934256561e+35
1.7025729747764181e+34
6.769037180850221e+32
2.7057265549721133e+31
1.0864888014377464e+30
