4.633069882405515e+71
5.296568565722871e+73
2.0439293646650488e+74
4.149252042250903e+74
6.358359806127468e+74
8.329624414494926e+74
9.883113303902263e+74
1.0963612401660128e+75
1.1584776638541806e+75
1.1812245255262848e+75
1.1712875860181693e+75
1.136273927406468e+75
1.082675500094904e+75
1.0167870362289338e+75
9.430000601260479e+74
8.655395126408595e+74
7.873178786762706e+74
7.104862071820659e+74
6.36752416915226e+74
5.671673836253845e+74
3.469817940781086e+74
1.4838080208675404e+74
5.831753486890096e+73
2.1631211072075346e+73
7.697492872779444e+72
2.6562424838708856e+72
8.95677727897703e+71
2.9668904168810303e+71
9.688573527764846e+70
3.129220421797825e+70
1.0015908249604746e+70
3.1834447423222018e+69
1.0060353418489898e+69
3.165773029724301e+68
9.926801270271809e+67
3.105646897410395e+67
9.698464371560091e+66
3.0266210181215954e+66
9.445412667810499e+65
2.949793253694979e+65
9.226213818711906e+64
2.892481227756955e+64
9.099077470051e+63
2.872840484438211e+63
9.113822925157556e+62
2.908201067504129e+62
9.335016334099642e+61
3.016937694344463e+61
9.82226761831738e+60
3.2220696011915016e+60
