2.875536025512877e+72
1.958830304632217e+74
5.446476539964203e+74
8.802837807372279e+74
1.138122594509137e+75
1.306980805977766e+75
1.396799576074523e+75
1.4230936403106288e+75
1.4015707800732531e+75
1.3458544851397012e+75
1.2673892170291726e+75
1.1750652501580643e+75
1.0756287628785732e+75
9.742290519192256e+74
8.744924488245349e+74
7.789546329485901e+74
6.892738539750219e+74
6.064476258051494e+74
5.308504619754567e+74
4.62594123578324e+74
2.637740972040008e+74
1.0471999213116685e+74
3.933816017768787e+73
1.4248009613039124e+73
5.028204873425947e+72
1.7399553269232507e+72
5.930022876529919e+71
1.9966223130122545e+71
6.655436986140592e+70
2.199983207430909e+70
7.222718757019515e+69
2.3583889116690386e+69
7.669757835508999e+68
2.4871480336918904e+68
8.059872161633076e+67
2.6148741391529022e+67
8.514805967686121e+66
2.7902598698178057e+66
9.229735347085215e+65
3.0928548261416737e+65
1.0527191901020363e+65
3.6501521154255855e+64
1.290968268365346e+64
4.657753386940406e+63
1.7132493895473632e+63
6.410602720357386e+62
2.4332750791822277e+62
9.342095957514557e+61
3.6161192584301786e+61
1.4080609934110386e+61
