2.833092092034437e+72
1.975736782137261e+74
5.651270931250382e+74
9.306029081171634e+74
1.2195317481619225e+75
1.415397612405666e+75
1.5258419604009282e+75
1.5664200027920865e+75
1.553305538156357e+75
1.501044064647388e+75
1.4220270263743197e+75
1.326008550825549e+75
1.22047852978053e+75
1.1112855138632433e+75
1.0027293099479244e+75
8.977167190381649e+74
7.982863956553757e+74
7.056502445901248e+74
6.205961297062635e+74
5.432776604440245e+74
3.1489887458156664e+74
1.2785546202835513e+74
4.90008933509835e+73
1.807796415946908e+73
6.491773541202813e+72
2.2842964270368416e+72
7.912397278281595e+71
2.706400553971754e+71
9.162578154589232e+70
3.075479249364724e+70
1.0252377799683315e+70
3.398728604526242e+69
1.1218435827744533e+69
3.6924902632587336e+68
1.213972465905195e+68
3.9950295977790526e+67
1.3186846479389005e+67
4.3787054450672826e+66
1.4666229610603124e+66
4.970575437285684e+65
1.7102418004427541e+65
5.98919251981811e+64
2.1374022941378892e+64
7.780543689920063e+63
2.886669937553823e+63
1.0897042816562486e+63
4.174040298064492e+62
1.618114123053598e+62
6.328903266085446e+61
2.4910348075681914e+61
