2.8012786995691694e+72
1.975655947077808e+74
5.724779858180205e+74
9.5110656348249e+74
1.2543220731043637e+75
1.4629279989066551e+75
1.5835743703811555e+75
1.631434522822515e+75
1.622747521018848e+75
1.5726958373053504e+75
1.4939489090115222e+75
1.3965178459745946e+75
1.2886177074299608e+75
1.1760994049966407e+75
1.0636295811839245e+75
9.543616203161957e+74
8.504239122255871e+74
7.534327289743543e+74
6.639087637289626e+74
5.823035877808254e+74
3.400215122099866e+74
1.3940202686429007e+74
5.389968883250718e+73
2.00478002466676e+73
7.254644037284074e+72
2.5713436519034417e+72
8.96949275493558e+71
3.0893602265254637e+71
1.053037408974837e+71
3.5584736534492874e+70
1.1941199057416551e+70
3.984586007808916e+69
1.3237620083576682e+69
4.3855807537285375e+68
1.451110670753582e+68
4.8043546536748735e+67
1.595372268034973e+67
5.326840928084376e+66
1.7935758587846392e+66
6.109537414654635e+65
2.111131479152911e+65
7.421732546300042e+64
2.659133654975873e+64
9.7141368971344e+63
3.61650612803414e+63
1.3702018688491819e+63
5.268926742865594e+62
2.0506581080447167e+62
8.055709264163868e+61
3.1856557753720617e+61
