1.460461026831271e+72
4.146750014055424e+73
9.092442912632217e+73
1.228399253783168e+74
1.3443653785717523e+74
1.3095449481423279e+74
1.1851594108636172e+74
1.0188039193596664e+74
8.428177498468842e+73
6.76409950456658e+73
5.2973771028759585e+73
4.065711632196895e+73
3.0684363561825565e+73
2.2825109539065187e+73
1.6773717230172762e+73
1.2200120098993765e+73
8.796736885638085e+72
6.296763043592104e+72
4.479829911874554e+72
3.17130026186607e+72
8.176387419545999e+71
1.017455145497566e+71
1.2934277851744251e+70
1.6959310498123336e+69
2.2646400007426286e+68
3.0387071605642257e+67
4.0629854282418344e+66
5.390729177100816e+65
7.086957195543794e+64
9.22711179922215e+63
1.1896898608711127e+63
1.519478391327443e+62
1.922812761994371e+61
2.41227055285071e+60
3.0027761859000784e+59
3.7138552882961513e+58
4.575111704321345e+57
5.6336819182199354e+56
6.975789784093676e+55
8.754617731061162e+54
1.125378325006633e+54
1.4983766064942268e+53
2.08622922383756e+52
3.0502508207666767e+51
4.670362413193531e+50
7.424995510874362e+49
1.2122876511071265e+49
2.0112919903587466e+48
3.3623251447722516e+47
5.631189473628722e+46
