7.547634577757341e+71
8.487267785012703e+73
3.2276740111593423e+74
6.502677158964069e+74
9.936046897086698e+74
1.3016630369538783e+75
1.5474452423314703e+75
1.722229648612879e+75
1.8284957566023775e+75
1.8743306268052286e+75
1.8698303250716306e+75
1.8259341968240747e+75
1.7526161988772393e+75
1.6579666886967108e+75
1.5499585169575964e+75
1.4342586898757852e+75
1.31547037939646e+75
1.1973070491082552e+75
1.0822642027196406e+75
9.723859309528974e+74
6.158013285400884e+74
2.7796936254461156e+74
1.1544113164587087e+74
4.530735388568113e+73
1.7075913203343248e+73
6.245630016504671e+72
2.232991186064248e+72
7.844433757774642e+71
2.7176257282239368e+71
9.309953405267098e+70
3.1611317918886865e+70
1.0655071482917151e+70
3.570895170808271e+69
1.1910236032005486e+69
3.9588040697729306e+68
1.3122166464270104e+68
4.343181610866673e+67
1.4367832506592653e+67
4.754702369726251e+66
1.5760764478855535e+66
5.238077786648676e+65
1.748175749974072e+65
5.865351707744425e+64
1.980810995097037e+64
6.742298825176813e+63
2.3161082489857646e+63
8.032792195861866e+62
2.814281823771019e+62
9.968765455470288e+61
3.567681531989251e+61
