1.556629392700848e+71
1.4864845880229946e+73
5.137443876629568e+73
9.437869356570749e+73
1.3105398163958896e+74
1.556654419576859e+74
1.6762315498521278e+74
1.6884080266883312e+74
1.6212289784738928e+74
1.502475585802541e+74
1.3542926108814313e+74
1.1941003653373814e+74
1.0342128374462393e+74
8.823871137309311e+73
7.433491858069986e+73
6.190991848104319e+73
5.107688308377733e+73
4.176379832449465e+73
3.3897575267683334e+73
2.7324171571089097e+73
1.1311652766384852e+73
2.6204824472724415e+72
5.46793114903211e+71
1.0609007887048077e+71
1.9547080983859134e+70
3.469765098287278e+69
5.993469670136963e+68
1.013987733913829e+68
1.6881614035746186e+67
2.7761502138714373e+66
4.521282524311435e+65
7.305730092298407e+64
1.17325125726173e+64
1.8758601169866015e+63
2.9878442050075537e+62
4.747761771815776e+61
7.530777231926825e+60
1.1934507875894695e+60
1.8912715089119033e+59
2.9980348305662935e+58
4.757460603269671e+57
7.5631766828208e+56
1.2049350370652604e+56
1.9250639259712818e+55
3.08586423841942e+54
4.9658985437327e+53
8.028656648655818e+52
1.3042797068544483e+52
2.130468811452511e+51
3.4999589787147925e+50
