2.7761357287438865e+72
1.5672037118297604e+74
3.8301725351919606e+74
5.723886196562899e+74
6.993448973367787e+74
7.671123109439751e+74
7.875085587396294e+74
7.731759186863921e+74
7.351827165202967e+74
6.824502463869896e+74
6.216366161322272e+74
5.577990174228072e+74
4.944398799650361e+74
4.338125441795947e+74
3.7738548759455943e+74
3.259710424821802e+74
2.7981333105947754e+74
2.3895301914385903e+74
2.0313975799632688e+74
1.7200523751873128e+74
8.832053946641943e+73
3.033646505290922e+73
9.983550953221348e+72
3.1926361076856828e+72
9.998305239147654e+71
3.0799105924243605e+71
9.363596573447997e+70
2.815549175035553e+70
8.388392828909308e+69
2.4795564119596735e+69
7.28023505321901e+68
2.1261863298126602e+68
6.184409945856496e+67
1.794097846068895e+67
5.200501008489735e+66
1.509998866642326e+66
4.403313982678781e+65
1.2943139145482177e+65
3.848649982225311e+64
1.1624603137253777e+64
3.579749433348598e+63
1.1268050609932324e+63
3.6314906411861016e+62
1.197863655650256e+62
4.0358605346374355e+61
1.384342886987036e+61
4.8176505743890324e+60
1.6945593633776745e+60
6.002988646960628e+59
2.1359222325891197e+59
