2.131530434080709e+71
2.082841931658278e+73
7.527850163049855e+73
1.4373706332071058e+74
2.0705016612707502e+74
2.5477975398016553e+74
2.8387013874691956e+74
2.957966481859531e+74
2.936521152266766e+74
2.8122244308260354e+74
2.6199235413849487e+74
2.3869983246731777e+74
2.1360184959284197e+74
1.883024957638912e+74
1.6388069696725918e+74
1.4110257871600073e+74
1.2032766242097092e+74
1.0174802362754458e+74
8.53925894236711e+73
7.119868607735475e+73
3.3618879869624975e+73
9.567288625248583e+72
2.465108842262389e+72
5.92963361917891e+71
1.3577917694424691e+71
3.001360749575537e+70
6.4600813384804685e+69
1.3626445498865018e+69
2.8305725312200154e+68
5.808776321758439e+67
1.180558285419505e+67
2.3807758139789962e+66
4.774448204079023e+65
9.527920242660096e+64
1.8949672052735588e+64
3.759444414084062e+63
7.447004898965375e+62
1.4735191250542192e+62
2.914621330362244e+61
5.769546283471558e+60
1.143072977557549e+60
2.268545589107573e+59
4.5140748184113233e+58
9.006933461901158e+57
1.8034612017988888e+57
3.625822580453136e+56
7.322647796693034e+55
1.4870442658165983e+55
3.0363734486043153e+54
6.238566951383973e+53
