2.674982849433012e+71
2.8095713422894057e+73
1.0465897457963604e+74
2.0545135218852642e+74
3.039086989533441e+74
3.8378332630570404e+74
4.3878879815228613e+74
4.688324716009512e+74
4.77252985300203e+74
4.685790800718074e+74
4.47334151332941e+74
4.176962964755728e+74
3.8312062493067204e+74
3.4618275920211186e+74
3.0885563792529854e+74
2.7259055358266523e+74
2.3835335912270114e+74
2.0671885419120817e+74
1.7796915991100186e+74
1.5217384018598585e+74
7.941459907398432e+73
2.6421360028065086e+73
7.999906070563294e+72
2.268995986554393e+72
6.142640007393431e+71
1.6072239717181467e+71
4.099316591884456e+70
1.0253025906866159e+70
2.5261016982240302e+69
6.150393425140128e+68
1.4832623313556656e+68
3.5508927895751634e+67
8.45060028684889e+66
2.0019269841760605e+66
4.72634420159544e+65
1.11317868846179e+65
2.6170310560650292e+64
6.1468093466160685e+63
1.4432323478781419e+63
3.3909240987189712e+62
7.977113755821991e+61
1.8800527663824017e+61
4.441003192311215e+60
1.052289700275402e+60
2.503080812230458e+59
5.978665716983379e+58
1.435445151352562e+58
3.46541812443125e+57
8.415857288061539e+56
2.056879093363448e+56
