1.1852563574570347e+71
1.0192095515606329e+73
3.300170231174166e+73
5.742463897417867e+73
7.585312246239025e+73
8.587589955941254e+73
8.823564607426117e+73
8.493566322845768e+73
7.797382330954371e+73
6.912747775325225e+73
5.963133520312338e+73
5.033662044404432e+73
4.172843386373613e+73
3.4068522792178415e+73
2.746792718632204e+73
2.1890611437003683e+73
1.7281473460146453e+73
1.35205857173732e+73
1.0496815338491602e+73
8.092169858622086e+72
2.8159030284420253e+72
4.986116349209468e+71
7.906498177378291e+70
1.161251642893853e+70
1.6160679139161115e+69
2.1645174735681084e+68
2.8171910771648744e+67
3.591791822536622e+66
4.503010469953983e+65
5.576774225230749e+64
6.837052086121179e+63
8.318690306088857e+62
1.005939630887469e+62
1.2102048585269516e+61
1.4513093381794428e+60
1.7357273076989377e+59
2.072977472506056e+58
2.4732606265157467e+57
2.9497810543594163e+56
3.520417764993269e+55
4.2059190010165154e+54
5.0330029809061094e+53
6.033973923853407e+52
7.257175820731891e+51
8.75238010098004e+50
1.0598747951429397e+50
1.2883591056769623e+49
1.5745956627599178e+48
1.933679243266028e+47
2.3868672007111786e+46
