1.0486868516414061e+71
8.230753012603113e+72
2.5624154445733905e+73
4.313044167062076e+73
5.519051540974809e+73
6.063703521818031e+73
6.050607206571961e+73
5.659726199566756e+73
5.0523374320857175e+73
4.354896323317987e+73
3.653850879966055e+73
2.999121710906894e+73
2.418189983312374e+73
1.920580988806643e+73
1.5055534902011103e+73
1.167191657575776e+73
8.956524822176949e+72
6.8144016650347415e+72
5.1421569086505774e+72
3.852651398321458e+72
1.200772673116509e+72
1.792229799372358e+71
2.3861830323427515e+70
2.9375285111868598e+69
3.4206774406135693e+68
3.8306002810960443e+67
4.168069457333974e+66
4.438872879207246e+65
4.6514041986713783e+64
4.812740964024793e+63
4.92913853742636e+62
5.008715362425201e+61
5.057686804322953e+60
5.0840865537792735e+59
5.091048116487363e+58
5.085615169253736e+57
5.072258898160792e+56
5.053254217912113e+55
5.0349551963490595e+54
5.017040144965021e+53
5.005239943947898e+52
5.000703081302523e+51
5.0071898706333354e+50
5.02708652990201e+49
5.0634003488344667e+48
5.117018486622792e+47
5.195396406262835e+46
5.296176025225983e+45
5.428418431348514e+44
5.59382973399816e+43
