5.152583288435032e+71
5.909184903285357e+73
2.2824439020271073e+74
4.642050948248222e+74
7.130809925812799e+74
9.367388432674281e+74
1.1148860665939857e+75
1.2408046965914666e+75
1.315940935470571e+75
1.3463132074270412e+75
1.3398017578720757e+75
1.3043604323681453e+75
1.2475314802844873e+75
1.1758081531037402e+75
1.0947324769074256e+75
1.00862532051546e+75
9.210036732688125e+74
8.342988782604247e+74
7.50575934599023e+74
6.711375936253086e+74
4.168084742942893e+74
1.8240383649928805e+74
7.335929905465017e+73
2.7842246893521146e+73
1.0135632748352868e+73
3.578022138732809e+72
1.2338801915174276e+72
4.178249496296095e+71
1.3947919860852792e+71
4.6036042387061306e+70
1.5057660209452988e+70
4.889210080801993e+69
1.5780768530436704e+69
5.070197919849544e+68
1.623314949255555e+68
5.183589342008383e+67
1.6523308965424647e+67
5.262607389588502e+66
1.6760319009719706e+66
5.341289777528513e+65
1.705025889371835e+65
5.456736810809398e+64
1.7521832178154197e+64
5.65252687675936e+63
1.832004582690872e+63
5.976232725146359e+62
1.9623311099301597e+62
6.492807411068478e+61
2.1647840778090307e+61
7.278659413373719e+60
