2.731639086205693e+72
1.449000024218121e+74
3.4572385250570086e+74
5.095991432058344e+74
6.159370249172721e+74
6.691451055775685e+74
6.806648477705267e+74
6.623528754509239e+74
6.242025611211138e+74
5.741919996513053e+74
5.184144623762461e+74
4.609772290956688e+74
4.04922378177015e+74
3.520791682386179e+74
3.0356229153385017e+74
2.5986726487933167e+74
2.2110839601276432e+74
1.8718838097710554e+74
1.5776207509186544e+74
1.324625499062279e+74
6.592598165336941e+73
2.1672344940428794e+73
6.84641860798443e+72
2.1054493584774707e+72
6.346791412862263e+71
1.8830259070522384e+71
5.516396107240308e+70
1.5985540893818842e+70
4.589450764635809e+69
1.3075229609431007e+69
3.6999893522484506e+68
1.0413550487408659e+68
2.918441643763105e+67
8.156740341522275e+66
2.2779395272315844e+66
6.371356177013722e+65
1.7900893633449808e+65
5.0705937478229334e+64
1.453648556634666e+64
4.236441683857668e+63
1.2599510555147795e+63
3.8352610684852107e+62
1.1964387187016709e+62
3.8238002079108426e+61
1.2487948388914326e+61
4.155350583088033e+60
1.4027932434438873e+60
4.785428727816849e+59
1.643802369495124e+59
5.669129731152663e+58
