2.226415509397202e+72
7.730600540623042e+73
1.6998129045893764e+74
2.3681386272639233e+74
2.708193829711016e+74
2.7788718712881515e+74
2.664035339279851e+74
2.4371980876347097e+74
2.1545421814591063e+74
1.855000451763766e+74
1.5642638566776785e+74
1.2973739773961176e+74
1.0613034222403474e+74
8.586151418109649e+73
6.882487527200615e+73
5.475781461741704e+73
4.330141515142868e+73
3.40708343579962e+73
2.670079885724312e+73
2.0858130267490943e+73
7.92510767254738e+72
1.7720772592075186e+72
3.8941183949488234e+71
8.433357554369864e+70
1.799750446006175e+70
3.787695178828566e+69
7.870303846216246e+68
1.61669254585846e+68
3.286994950791177e+67
6.6194179334648004e+66
1.3215212833733851e+66
2.6179406122959393e+65
5.150641866289174e+64
1.0074918130613275e+64
1.96245238179901e+63
3.8160695268893492e+62
7.429482491742484e+61
1.4546789811553986e+61
2.8808042851132813e+60
5.810061272334645e+59
1.2019443325375673e+59
2.5657510363650767e+58
5.673847709844829e+57
1.2994187937326254e+57
3.0712948875642364e+56
7.445469990558485e+55
1.8387004934637578e+55
4.5942214027251574e+54
1.1555373894685417e+54
2.913031185601539e+53
