1.8203919593223436e+71
1.7643785701972236e+73
6.251373617156244e+73
1.173215964903111e+74
1.6624579814002405e+74
2.0128421675905235e+74
2.2074033532569399e+74
2.264611401681508e+74
2.214660566836822e+74
2.0893164975929867e+74
1.9173220412587923e+74
1.7205116865904837e+74
1.5166742399270109e+74
1.3168563652242398e+74
1.1288508728628855e+74
9.573911025269089e+73
8.039810525909248e+73
6.694057601210756e+73
5.532386567283878e+73
4.540349014457573e+73
2.0176279997103717e+73
5.220668071818378e+72
1.2197503579980976e+72
2.6554007382179986e+71
5.497533983940339e+70
1.0975391705207591e+70
2.13238744033545e+69
4.0598353651940275e+68
7.607029132715108e+67
1.4079390271621315e+67
2.581041647380965e+66
4.694712273702599e+65
8.487221291138696e+64
1.527309742659614e+64
2.7389208552112255e+63
4.8972378603690795e+62
8.744824042040959e+61
1.559385879825157e+61
2.781153964793881e+60
4.961704368351543e+59
8.861453684186113e+58
1.584922818002864e+58
2.8413324550972492e+57
5.108308563561749e+56
9.214295619357779e+55
1.668942683011824e+55
3.0370891902170387e+54
5.553035059490023e+53
1.0211249340956768e+53
1.8884843396503922e+52
