2.859354144605198e+72
1.971147670366516e+74
5.560578635905922e+74
9.072274421016822e+74
1.181001801975525e+75
1.363588847329491e+75
1.4637679342393033e+75
1.497037189699638e+75
1.4795854593372632e+75
1.4253487029352984e+75
1.3463906301778428e+75
1.2519963747078776e+75
1.149396005931823e+75
1.0437720851171459e+75
9.394789713276475e+74
8.39060956378771e+74
7.443528965713372e+74
6.565041710755413e+74
5.760485666722038e+74
5.031194301901075e+74
2.893520494098708e+74
1.1620155862887655e+74
4.4097468841686586e+73
1.612231926040379e+73
5.740266058619761e+72
2.0031887656007096e+72
6.883235263905659e+71
2.336024985489518e+71
7.847309320019384e+70
2.614245821965662e+70
8.647783082987727e+69
2.8452858876645924e+69
9.321672092765452e+68
3.0456841336041825e+68
9.941000982496269e+67
3.248609409074793e+67
1.0648696142853432e+67
3.51275080278919e+66
1.1691982082136235e+66
3.9412233941494765e+65
1.3487358856294422e+65
4.69926881413666e+64
1.6698260325758173e+64
6.052727163108547e+63
2.2358746069236068e+63
8.403277647784098e+62
3.2050328948498383e+62
1.2364687819268406e+62
4.81175082870457e+61
1.8836993376516687e+61
