2.8816512110808335e+72
1.8735446334405066e+74
4.96916904760137e+74
7.793600288895504e+74
9.861703950628135e+74
1.1137648669074118e+75
1.1734409770658413e+75
1.1805610120691959e+75
1.149259981110054e+75
1.0917256103597146e+75
1.017354899727847e+75
9.336579485253617e+74
8.462946677045985e+74
7.591655127004181e+74
6.750376670172756e+74
5.958037258169394e+74
5.224804785094726e+74
4.556359739917984e+74
3.954131993235932e+74
3.4170986340093975e+74
1.8899528147649813e+74
7.196847561421846e+73
2.6041327394848082e+73
9.108759322899017e+72
3.11014885764738e+72
1.0425964345509866e+72
3.444869223757413e+71
1.1249048088097758e+71
3.637905934170569e+70
1.1670550333050631e+70
3.71917154943489e+69
1.1787265313775732e+69
3.7219281409239793e+68
1.1721853799133836e+68
3.6891799969068565e+67
1.1630480892028499e+67
3.6812964367080926e+66
1.1737296242974664e+66
3.7812658838843754e+65
1.235507002472535e+65
4.105993908712418e+64
1.3916275301493192e+64
4.817284695135903e+63
1.7024036472577153e+63
6.136913604866125e+62
2.2503178487852127e+62
8.369125969951595e+61
3.1463196717975177e+61
1.1920679993793156e+61
4.539802910581842e+60
