4.1977985401197284e+71
4.7188431232115625e+73
1.8161992763790826e+74
3.674523877865046e+74
5.609350056203677e+74
7.313601507526147e+74
8.635723827051856e+74
9.530720189353843e+74
1.0021884041569192e+75
1.0162985567949505e+75
1.0024538233553285e+75
9.671218442102347e+74
9.16516432167961e+74
8.560045930480803e+74
7.895383730068791e+74
7.205864195986347e+74
6.517386217985293e+74
5.847457372225212e+74
5.209986860247841e+74
4.613395266437478e+74
2.757771153434884e+74
1.1372263701096212e+74
4.3021954319460005e+73
1.5346758689002497e+73
5.2470431018271996e+72
1.7392372929412008e+72
5.63141312107118e+71
1.790354514387938e+71
5.612653891723141e+70
1.7399784325393512e+70
5.346268990226767e+69
1.6312149466858746e+69
4.949218540285075e+68
1.4949926534361817e+68
4.50152759706496e+67
1.352383219065038e+67
4.05611634081661e+66
1.215760096282586e+66
3.644367054881154e+65
1.0930602438748928e+65
3.284164927496095e+64
9.8893542575501e+63
2.9869618741875225e+63
9.055873011078305e+62
2.7583116010434776e+62
8.445843146070654e+61
2.6013518844112505e+61
8.064166457568128e+60
2.517599290576105e+60
7.915296185215163e+59
