3.759007580162979e+71
4.175774765005794e+73
1.5995506098011835e+74
3.2209749153696567e+74
4.889775482854631e+74
6.340095721473234e+74
7.441260230096225e+74
8.161396244563201e+74
8.528466487350413e+74
8.596170191778383e+74
8.423994542120546e+74
8.075796633437008e+74
7.603798239706372e+74
7.055069431378435e+74
6.463705406657182e+74
5.860536010237673e+74
5.264080888695052e+74
4.691388685108666e+74
4.151268996146907e+74
3.649731103174414e+74
2.1225469774746704e+74
8.378078545421444e+73
3.028460897508021e+73
1.0306529671534555e+73
3.3591937800087176e+72
1.0605316019961794e+72
3.268901533581846e+71
9.89175251174221e+70
2.9504165228643074e+70
8.701529198341738e+69
2.543289814207442e+69
7.380109324808032e+68
2.129879038245977e+68
6.119800898825637e+67
1.7525915931801878e+67
5.006755229790193e+66
1.4281379532798528e+66
4.0705727728223825e+65
1.160376191568567e+65
3.3094166822508873e+64
9.45417949765707e+63
2.7064201082308847e+63
7.76885773869809e+62
2.238759456883688e+62
6.47877496714701e+61
1.8845805938811328e+61
5.51232219238936e+60
1.6222879903873927e+60
4.807498482191588e+59
1.4340334462720286e+59
