1.0747233962988413e+70
1.0841443696228005e+71
5.946284533934579e+70
1.7645904231308312e+70
3.952464275254827e+69
7.53143583536591e+68
1.292788846381735e+68
2.0616243327280854e+67
3.1202697056244624e+66
4.542139332583974e+65
6.41302964671943e+64
8.85023866981341e+63
1.1996902685633538e+63
1.6025817411821011e+62
2.1136068040835115e+61
2.7624665463411917e+60
3.579786922826577e+59
4.601727010221969e+58
5.883611930735232e+57
7.482864610146012e+56
2.5962462581184828e+53
1.2849077827778747e+48
5.5702599810068206e+42
2.197020767677545e+37
8.083972708209437e+31
2.8299569122022537e+26
9.56446212833673e+20
3152481897580857.5
10189434858.317842
32546.360989863977
0.1028462882402421
3.232057350835594e-07
1.0120554326444212e-12
3.1368871845921345e-18
9.542983039244962e-24
2.808487490365292e-29
7.857236356484636e-35
1.9813528697637808e-40
3.993741000695768e-46
4.358029340230632e-52
3.192722137572617e-60
0.0
0.0
0.0
0.0
0.0
0.0
0.0
0.0
0.0
