2.8655677108406987e+72
1.822165336505687e+74
4.748988161121991e+74
7.369081549207652e+74
9.254314988199387e+74
1.038790799706911e+75
1.0888415852440493e+75
1.0902510021132999e+75
1.0567555814965071e+75
9.994049800990149e+74
9.274904709214509e+74
8.477576528265742e+74
7.653230451664353e+74
6.838829248256192e+74
6.057971690803524e+74
5.326349397602792e+74
4.653605090870856e+74
4.043483192035728e+74
3.496592141704858e+74
3.011271125588238e+74
1.644469938401218e+74
6.154941136910694e+73
2.192363823968575e+73
7.5576580719255e+72
2.5446753162275767e+72
8.416201464793354e+71
2.7442773640047254e+71
8.845129294408108e+70
2.823593153257621e+70
8.942325676700682e+69
2.8134680804338016e+69
8.805251800220413e+68
2.7445905837039494e+68
8.533448053740722e+67
2.6517152300614802e+67
8.253644935160691e+66
2.5800537245808556e+66
8.123551781355805e+65
2.5856438293860816e+65
8.347595861293852e+64
2.7428739895454746e+64
9.193437307999332e+63
3.1484072182641577e+63
1.1013607554508157e+63
3.9304621983147213e+62
1.4267522486314698e+62
5.253465180428305e+61
1.9551608986551813e+61
7.332332568050158e+60
2.7633829090163665e+60
