1.6655733571325508e+70
3.001446914686493e+71
3.140543975455915e+71
1.9152200386759039e+71
9.349096514665736e+70
4.056263201419441e+70
1.6398956559960748e+70
6.320557473587831e+69
2.3501102360005395e+69
8.496987898305444e+68
3.004952576094899e+68
1.0433677492722178e+68
3.56574270444697e+67
1.2010057615682298e+67
3.999077063633957e+66
1.3174175239688629e+66
4.293117814111853e+65
1.3884008716575342e+65
4.449864150911968e+64
1.4174326289766026e+64
1.648628873634148e+62
1.6392165664120548e+59
1.413814505414884e+56
1.1073994963000928e+53
8.114107108216305e+49
5.667234070063188e+46
3.826312282631521e+43
2.516849690227652e+40
1.6231091078614173e+37
1.029919929582428e+34
6.449782446489118e+30
4.0019711932860964e+27
2.4592664118689663e+24
1.5014297616748807e+21
9.120783911525431e+17
551829277375441.8
333176044876.3916
200721281.21076506
120788.43325412684
72.72935994950465
0.043801694102747216
2.6412136596153107e-05
1.5966201119464577e-08
9.669878861059864e-12
5.873515496160141e-15
3.579204188203244e-18
2.1907532743776296e-21
1.347130946048518e-24
8.319498947289196e-28
5.14886632691802e-31
