1.0486629030904953e+72
1.1184570936696856e+74
4.1235286106595313e+74
8.127366474155998e+74
1.2212644983163044e+75
1.5788951574174665e+75
1.8576015818332257e+75
2.0506532045551982e+75
2.1632257342070974e+75
2.206024859847691e+75
2.19212559429935e+75
2.1342420338598347e+75
2.0436758660513675e+75
1.9303850367311974e+75
1.8024458146210542e+75
1.6667116748570807e+75
1.5282411055844985e+75
1.3908596543531596e+75
1.2576968386537628e+75
1.1306801689428099e+75
7.189306946523545e+74
3.280399745307268e+74
1.3835055315935438e+74
5.5315126974462276e+73
2.1294706266287085e+73
7.970618098431856e+72
2.920428704031396e+72
1.052169417780423e+72
3.741080194381696e+71
1.3163574474046376e+71
4.590559998774682e+70
1.589736811903566e+70
5.4749704539883675e+69
1.877102516702684e+69
6.414661683815148e+68
2.1869323208475676e+68
7.449840355225586e+67
2.5380047740572258e+67
8.661449771730971e+66
2.9645164307467594e+66
1.01918520575858e+66
3.525724634929763e+65
1.2294808442371325e+65
4.328204672954307e+64
1.5402247464559297e+64
5.546351743591021e+63
2.0226257945758876e+63
7.469508909719459e+62
2.7919115730054584e+62
1.055442848360978e+62
