2.8875876960684567e+72
1.912192097926128e+74
5.157135194674168e+74
8.173423335448003e+74
1.0419382556042397e+75
1.183571791073734e+75
1.2533089164649494e+75
1.2665355604577832e+75
1.238102470252947e+75
1.1806451573481903e+75
1.1044861379085549e+75
1.017433223194393e+75
9.255520577441399e+74
8.331603353608877e+74
7.43534755191093e+74
6.584701823262571e+74
5.793974005174004e+74
5.069176558717342e+74
4.413289726186085e+74
3.8256942843518294e+74
2.1400806221914074e+74
8.277457082303217e+73
3.0376984463307333e+73
1.0766061100470964e+73
3.722026568867243e+72
1.2628583946952412e+72
4.22211683988754e+71
1.3949133658997767e+71
4.5631972647440476e+70
1.480686017034339e+70
4.7727126386474266e+69
1.5300141329069065e+69
4.884868766209782e+68
1.5561954083960252e+68
4.953903321955596e+67
1.5789214486855732e+67
5.0534794197399476e+66
1.6286223788998451e+66
5.301952347217829e+65
1.7495992142328948e+65
5.871288143893488e+64
2.0083382691047987e+64
7.013578833588462e+63
2.5000764631557057e+63
9.087413904615877e+62
3.3594110562792956e+62
1.2598535887656103e+62
4.7767971544487216e+61
1.8255005882351757e+61
7.012846411698217e+60
