3.3229518516391744e+71
3.687333874383729e+73
1.4018777062145141e+74
2.8034814420635434e+74
4.224716413957254e+74
5.436543255872797e+74
6.333010681303507e+74
6.894992175174473e+74
7.150891179063162e+74
7.151720728530543e+74
6.956412360134533e+74
6.618437885682938e+74
6.183399453010859e+74
5.693388578228409e+74
5.176796444558447e+74
4.656977536582154e+74
4.1505173988430447e+74
3.669987644489938e+74
3.2212218898819626e+74
2.80996715432667e+74
1.5833081588299655e+74
5.946282889255549e+73
2.0413623165904468e+73
6.5870699468619266e+72
2.033525560105001e+72
6.0767424862503045e+71
1.771976251288702e+71
5.0707477056280773e+70
1.4299199895998805e+70
3.986835896190033e+69
1.1012980900647502e+69
3.0207625352600186e+68
8.238597643797294e+67
2.2366524895472787e+67
6.052550949280606e+66
1.6339552674129574e+66
4.403935837969631e+65
1.1859908412315578e+65
3.194109895479563e+64
8.607203844632362e+63
2.3215896689511777e+63
6.277938587125806e+62
1.7022045429966971e+62
4.630102206257568e+61
1.2648081625682996e+61
3.471816064971829e+60
9.580212594988844e+59
2.6593439152219723e+59
7.430675501519708e+58
2.0899378866222502e+58
