2.7983341468840796e+72
1.6680575798440096e+74
4.180114604879772e+74
6.340022207162455e+74
7.833576491397969e+74
8.676021111671211e+74
8.987448165195252e+74
8.900321017997466e+74
8.535663769069298e+74
7.990400408506528e+74
7.340151551858972e+74
6.641542369124673e+74
5.93647641813254e+74
5.252492050745114e+74
4.607353133216592e+74
4.0120767710408935e+74
3.472366675425297e+74
2.9891641190770177e+74
2.5612444718023216e+74
2.1858874264506763e+74
1.1551595637834102e+74
4.1318534510104437e+73
1.4122845172480721e+73
4.683640769048231e+72
1.5195667134620893e+72
4.847269191053619e+71
1.5253231735047718e+71
4.7472222012874e+70
1.46362098925615e+70
4.476842207179648e+69
1.3605620057225129e+69
4.111432307897143e+68
1.237899348608073e+68
3.716544254023575e+67
1.1151582396295002e+67
3.3511677372931248e+66
1.0111552062516013e+66
3.0736587011524144e+65
9.44675155951504e+64
2.946039885724417e+64
9.357500872597055e+63
3.034820271007712e+63
1.0064191994262513e+63
3.4128927059182677e+62
1.1814647734443264e+62
4.1630196324149195e+61
1.4885871129943723e+61
5.3807878924495405e+60
1.959714209915663e+60
7.171877873427603e+59
