1.8788311791407873e+72
5.735454192949168e+73
1.2540548935305373e+74
1.719045501252642e+74
1.9234331904449092e+74
1.9239978498671248e+74
1.7935686332955476e+74
1.5916439844294841e+74
1.3623298156491378e+74
1.1336096065764457e+74
9.22260392046609e+73
7.3667393207964e+73
5.796991454674946e+73
4.505023488846535e+73
3.4650869262041883e+73
2.6426793865246254e+73
2.0014604631465513e+73
1.507441209779186e+73
1.1301357922916806e+73
8.44412529604637e+72
2.704554993887794e+72
4.718388775956429e+71
8.240206019366479e+70
1.43715588402012e+70
2.4870199302343316e+69
4.2554785878666376e+68
7.192642178967767e+67
1.2012239340682413e+67
1.9839124959768673e+66
3.2422475196435707e+65
5.2460141771500915e+64
8.410533640698518e+63
1.3368031156762433e+63
2.108510301696741e+62
3.3041683415399865e+61
5.155134780825248e+60
8.0295695810243035e+59
1.2540795607764715e+59
1.976310684592276e+58
3.1675083240068026e+57
5.211293754241292e+56
8.880777647312842e+55
1.5774075272846727e+55
2.9235543938179216e+54
5.633497321264375e+53
1.1194052088683834e+53
2.2731647162288554e+52
4.6769524987637764e+51
9.684311388005728e+50
2.008269984728892e+50
