2.570126923599517e+72
1.149603052013672e+74
2.617677178139706e+74
3.7543742431014004e+74
4.4321206119192285e+74
4.706954576216207e+74
4.680936130816745e+74
4.4512757265604154e+74
4.0982470330635914e+74
3.680980970840914e+74
3.243267878393544e+74
2.81403475954445e+74
2.4110155106500917e+74
2.044555529080683e+74
1.7192094029688629e+74
1.4353597067448451e+74
1.1913021599175384e+74
9.839274430974254e+73
8.093004327925057e+73
6.633743621717892e+73
3.0195891519837505e+73
8.750538806935833e+72
2.456127083905646e+72
6.74075319085002e+71
1.8176105358946507e+71
4.829840655767353e+70
1.2678445171267021e+70
3.292882876433483e+69
8.475487066573121e+68
2.1639960164231186e+68
5.485904471792772e+67
1.3826535605988182e+67
3.467793536804599e+66
8.666582893888703e+65
2.162630555005496e+65
5.401892928149185e+64
1.3547348259044954e+64
3.424554642409192e+63
8.766388636588329e+62
2.2840446965837935e+62
6.086191242705383e+61
1.6649716797853865e+61
4.683688154433437e+60
1.3541399831220378e+60
4.0122089453178284e+59
1.2130527622512973e+59
3.7256117069034276e+58
1.1564440470179756e+58
3.613603624138359e+57
1.1329489927405457e+57
