2.885409041460127e+72
1.9402581303268411e+74
5.31572447638674e+74
8.509461041808941e+74
1.0926768987696483e+75
1.2482137682155287e+75
1.3280298878910617e+75
1.3477564140838581e+75
1.3226000507497583e+75
1.2658727305472171e+75
1.1883392445477782e+75
1.0983618322348168e+75
1.0025314045610519e+75
9.05404973979262e+74
8.104750668833875e+74
7.199623073507545e+74
6.353975421755316e+74
5.575754595409504e+74
4.868033334079958e+74
4.231776919472409e+74
2.3913355137760976e+74
9.379052327283649e+73
3.484659154113126e+73
1.2492654391836608e+73
4.366202209679003e+72
1.497136562039013e+72
5.056660570041562e+71
1.6871770458845172e+71
5.574625758328982e+70
1.826865727007443e+70
5.944989546408929e+69
1.9244515778151613e+69
6.203930264044216e+68
1.995052224239631e+68
6.410023989446778e+67
2.0625163481598675e+67
6.659759613929711e+66
2.165298570435558e+66
7.108320738081259e+65
2.3645087259918425e+65
7.995098743335762e+64
2.7545861226856595e+64
9.684623171470773e+63
3.4748954758168424e+63
1.2711875099665896e+63
4.730261114223828e+62
1.7855269598464076e+62
6.814862053796263e+61
2.622610098347924e+61
1.0148448307299531e+61
