3.10139597284483e+70
9.5107467144399e+71
1.7043886330962578e+72
1.775146100018255e+72
1.4636086680458826e+72
1.062109857440964e+72
7.110785165389497e+71
4.50586972698072e+71
2.7406811815381087e+71
1.6159478976672119e+71
9.289118602350973e+70
5.231381339853572e+70
2.893289771732513e+70
1.5756188411966227e+70
8.468553820908616e+69
4.499978067772577e+69
2.3637951682021533e+69
1.2305498926656123e+69
6.347774441684256e+68
3.2503751093753095e+68
2.3300489428550923e+67
3.6431671884008463e+65
4.957334596149498e+63
6.147252360067898e+61
7.150179506545061e+59
7.959873442972888e+57
8.581498267966435e+55
9.027244772653364e+53
9.330919681625228e+51
9.498258902846128e+49
9.553698217145095e+47
9.512920741414596e+45
9.399868780502705e+43
9.22875773534402e+41
9.010494855973972e+39
8.766433885460762e+37
8.50164716436558e+35
8.229622020684836e+33
7.956152745832233e+31
7.68913129783527e+29
7.43092994100266e+27
7.189118127105179e+25
6.96189523162396e+23
6.754049343542348e+21
6.572184573799119e+19
6.414961108114822e+17
6278970740500578.0
61700946280273.234
609303811355.6855
6046304454.517261
