2.117053329409103e+72
1.7658324550197093e+74
5.742892069462543e+74
1.0333995630728528e+75
1.4459743803349711e+75
1.766004762387945e+75
1.9838509876580403e+75
2.108196318908458e+75
2.1539193580301177e+75
2.1378298138387554e+75
2.0750124457174493e+75
1.9790985123335004e+75
1.8605861012555693e+75
1.7284995292943828e+75
1.5899011647415304e+75
1.4499518539708696e+75
1.3123301279758814e+75
1.1802945061798352e+75
1.055411697788219e+75
9.389278367455485e+74
5.765824309127998e+74
2.5284103090864446e+74
1.036842300043085e+74
4.0657573453656486e+73
1.5443007873932607e+73
5.728720990411028e+72
2.087035196708104e+72
7.494505137973922e+71
2.6603133541907433e+71
9.353134666416467e+70
3.263481294118343e+70
1.1314237804587828e+70
3.902752181688314e+69
1.341427935718761e+69
4.59971151038208e+68
1.575917794360034e+68
5.404277493971097e+67
1.8587139865971153e+67
6.425547429526449e+66
2.2384280817217643e+66
7.876309989825284e+65
2.8076646080697403e+65
1.0156140761541939e+65
3.7337738928563505e+64
1.3963604333611546e+64
5.309970293768063e+63
2.051561704086804e+63
8.036794930094129e+62
3.18569924610748e+62
1.27420320433308e+62
