6.523238833997208e+71
7.452921007566956e+73
2.8616673567831334e+74
5.80139889648774e+74
8.904168843191762e+74
1.170257159336431e+75
1.394585895218432e+75
1.555047410514771e+75
1.6529257296481713e+75
1.6958186158492645e+75
1.6928969432506842e+75
1.6534599005071512e+75
1.586920789067535e+75
1.5012966491563232e+75
1.4029936896478341e+75
1.297749485674298e+75
1.1896562705371842e+75
1.0820595509356705e+75
9.774864186938398e+74
8.777619151095221e+74
5.541115955760152e+74
2.4867644225371215e+74
1.0261464399567704e+74
3.9977679104783745e+73
1.4949281391947717e+73
5.422281114680275e+72
1.9217625579953533e+72
6.690638812024081e+71
2.296543745994529e+71
7.793954720644534e+70
2.6207944972539382e+70
8.750180438714829e+69
2.9037352405767952e+69
9.591678400591242e+68
3.156072060384848e+68
1.0359810805296836e+68
3.394449417692431e+67
1.111521488713994e+67
3.6394727006036145e+66
1.1932532700861314e+66
3.9205666261570064e+65
1.292320750561675e+65
4.2790687773465936e+64
1.4249609057709257e+64
4.777160318248656e+63
1.6140386563868892e+63
5.500280706042052e+62
1.8914269111028564e+62
6.567902214975929e+61
2.3028907348013745e+61
