1.2823798977781065e+72
1.3006923917085597e+74
4.667865573155676e+74
9.021309687056059e+74
1.3350876425782853e+75
1.7050361773578892e+75
1.9862740067618512e+75
2.17529521627646e+75
2.2794076573020507e+75
2.3117108822476633e+75
2.2869230677361473e+75
2.2177590102210093e+75
2.116924324944487e+75
1.994067625171673e+75
1.8575609397365508e+75
1.7142687385774072e+75
1.569204659510138e+75
1.426111919298347e+75
1.287899085684018e+75
1.1565311935177618e+75
7.335569421705338e+74
3.347859001271315e+74
1.4172013914266608e+74
5.70401240580896e+73
2.2143968391374646e+73
8.37251262542238e+72
3.1020468841696785e+72
1.1311165998316664e+72
4.0731080645884266e+71
1.451897037057146e+71
5.131294531317254e+70
1.801680309610949e+70
6.290941324690556e+69
2.1879345064110682e+69
7.584637358332343e+68
2.6243807521383236e+68
9.076696685536288e+67
3.1417077214784026e+67
1.0898924629778226e+67
3.7969609943114464e+66
1.3305951238450273e+66
4.699107119345513e+65
1.675338874656771e+65
6.041869541810014e+64
2.2063350654950432e+64
8.165959869093337e+63
3.0642998862422127e+63
1.165507977923251e+63
4.487922619694071e+62
1.7476470568859275e+62
