5.784923648611312e+71
6.620193998554846e+73
2.5531597309462074e+74
5.189531531994383e+74
7.974442939252567e+74
1.048664888365447e+75
1.2498754405693395e+75
1.3933392835912296e+75
1.4803962572322224e+75
1.5174874251234736e+75
1.5133122518311938e+75
1.4764244650329234e+75
1.4153305294721623e+75
1.337130965747423e+75
1.247861557280798e+75
1.1525395938588554e+75
1.0549075775447444e+75
9.580013687903461e+74
8.640378658448992e+74
7.744760846512348e+74
4.85696715437676e+74
2.157475445708611e+74
8.806223375211973e+73
3.392855205973185e+73
1.253893665409102e+73
4.494341817475239e+72
1.5734438768305501e+72
5.410721715749756e+71
1.8341011739095727e+71
6.146400144677675e+70
2.041273812406644e+70
6.728204431174645e+69
2.2047731934822406e+69
7.191573537744846e+68
2.336897512502211e+68
7.57443193082797e+67
2.4507134659500674e+67
7.923451132779783e+66
2.5610127126859973e+66
8.285726416476337e+65
2.6858279207641456e+65
8.729915321073521e+64
2.849227848996729e+64
9.341725951052948e+63
3.0811583843072188e+63
1.0228847033949692e+63
3.422815959566983e+62
1.1545716269185556e+62
3.9289678889028336e+61
1.3486747156657905e+61
