2.8418792279467125e+72
1.7556575923009808e+74
4.4881827581839127e+74
6.884799557856468e+74
8.57708377652067e+74
9.564049981153324e+74
9.966341485751483e+74
9.926442919936233e+74
9.57176083078723e+74
9.008228507963227e+74
8.319558614403296e+74
7.568471827045126e+74
6.800210134947244e+74
6.048298512147124e+74
5.332845205521766e+74
4.66779917698884e+74
4.060040672266492e+74
3.512364670553005e+74
3.0241742612041957e+74
2.593317855458364e+74
1.3946370429451662e+74
5.109978072645791e+73
1.7852441912838278e+73
6.042649041599765e+72
1.9993581155028925e+72
6.500461608929685e+71
2.084268247772667e+71
6.607284506480594e+70
2.0748830703365447e+70
6.4640166912135015e+69
2.0004720250801317e+69
6.158696591396198e+68
1.888274944430801e+68
5.775352475450522e+67
1.765313753622197e+67
5.404684372961045e+66
1.6619894854205088e+66
5.148388968868262e+65
1.612516427117286e+65
5.124091326721385e+64
1.6581828796779526e+64
5.476555703823449e+63
1.8490922822870195e+63
6.38002461184358e+62
2.246020011617211e+62
8.046830452804513e+61
2.923996974498986e+61
1.0739503618741219e+61
3.974363835377336e+60
1.477654197878155e+60
