2.959006488965722e+71
3.2299056458644166e+73
1.216755036504027e+74
2.4128895948139314e+74
3.605593414326587e+74
4.601476940895357e+74
5.314690151133956e+74
5.736892620535306e+74
5.898398039964819e+74
5.850193686632323e+74
5.640631792384941e+74
5.31988987363831e+74
4.928507428960604e+74
4.4982668580077187e+74
4.054383467261064e+74
3.6151528599153704e+74
3.193463825637481e+74
2.7983577607455523e+74
2.4338785478641914e+74
2.1038464082213155e+74
1.1435037582405415e+74
4.0578766652554455e+73
1.3132331492175932e+73
3.988879494970956e+72
1.1577362202989952e+72
3.2495552018754417e+71
8.896668337122062e+70
2.389813189159594e+70
6.323882600878181e+69
1.6538449359461251e+69
4.2861320269480454e+68
1.102573933535811e+68
2.820025065362216e+67
7.181084955470697e+66
1.8223487686477132e+66
4.612854281968754e+65
1.165789743869567e+65
2.944048892303021e+64
7.433434986653074e+63
1.877830601081796e+63
4.750477706694916e+62
1.2039799329918476e+62
3.059542058330561e+61
7.800008321783069e+60
1.9962921492253903e+60
5.1330473154662395e+59
1.326403900128491e+59
3.4484364021584826e+58
9.02074918120997e+57
2.3749347464733913e+57
