2.764811701305159e+72
1.971331718890763e+74
5.783250646078551e+74
9.687353597827007e+74
1.2851692754842251e+75
1.5060358944342398e+75
1.6362634172944541e+75
1.6910554552053933e+75
1.6869081030672752e+75
1.6390175808595038e+75
1.5606490118353123e+75
1.4620361315286111e+75
1.3520191569311647e+75
1.2364705602895423e+75
1.1203289912704085e+75
1.0071734873923626e+75
8.992026684992842e+74
7.979849044569802e+74
7.044426978844983e+74
6.189470333504117e+74
3.6359810377331413e+74
1.5029915904865706e+74
5.853093544329209e+73
2.1915176445409922e+73
7.977993568671478e+72
2.844451168743272e+72
9.978295916757802e+71
3.455344841213585e+71
1.1841139940403095e+71
4.0226922148607775e+70
1.3569859806420861e+70
4.551130308812946e+69
1.519759728834294e+69
5.060004813734274e+68
1.6825062471560263e+68
5.597445640810648e+67
1.867156021688343e+67
6.2620464126774476e+66
2.1174441409110923e+66
7.240140778997922e+65
2.5107576477871687e+65
8.854175467533187e+64
3.18111138445239e+64
1.1649935034865813e+64
4.3492713997523206e+63
1.6518112794936117e+63
6.368235374234808e+62
2.4863756491539548e+62
9.798617063266601e+61
3.8881323044803505e+61
