4.255934548247557e+70
6.664043747272848e+72
2.7112549719856246e+73
5.5108673891459437e+73
8.273841989599443e+73
1.0491937472362417e+74
1.1963804154840283e+74
1.2683699864586454e+74
1.276145773859287e+74
1.234225133182384e+74
1.1575199336594095e+74
1.0594423679447007e+74
9.50369642224625e+73
8.385206841267822e+73
7.291095592277969e+73
6.263623894319863e+73
5.323080544474643e+73
4.481068592685978e+73
3.740607271276874e+73
3.0985098446527147e+73
1.4178427146283238e+73
3.780933141047422e+72
8.995627193134856e+71
1.9768629679284984e+71
4.1022263268532427e+70
8.153815280506146e+69
1.567673381702819e+69
2.935314462833927e+68
5.3791861826626066e+67
9.677408514284501e+66
1.7148942192680762e+66
2.998277612618169e+65
5.180653228809494e+64
8.855288294301751e+63
1.4993843344324474e+63
2.515865162975247e+62
4.188769837489659e+61
6.915729771136678e+60
1.1333855530659652e+60
1.844745138975266e+59
2.982238412508627e+58
4.788749861694599e+57
7.6465181391534695e+56
1.2153254561394293e+56
1.9254607452386765e+55
3.0476847654468992e+54
4.836968929143563e+53
7.733734570835296e+52
1.2545541858549983e+52
2.080708670206033e+51
