7.718643406546388e+71
6.24618980032831e+73
1.7867517967833208e+74
2.98796056865201e+74
3.992468400345672e+74
4.721699005429962e+74
5.174991034041447e+74
5.385432702145579e+74
5.397435840526735e+74
5.25796329351148e+74
5.008137873202628e+74
4.68458992532105e+74
4.3171982597532567e+74
3.9300334341972236e+74
3.540702503214835e+74
3.1614851634887246e+74
2.8015479324840164e+74
2.466536889406733e+74
2.1591533879116724e+74
1.8812724872863027e+74
1.0689122463563582e+74
4.211198656553872e+73
1.5683082964618217e+73
5.621514522812962e+72
1.9578206846596222e+72
6.662621289739637e+71
2.22398799957748e+71
7.300819004025594e+70
2.3614233126207815e+70
7.533703430611297e+69
2.3724759865578108e+69
7.378315576237996e+68
2.267744553807576e+68
6.890767724119166e+67
2.0726680991202953e+67
6.183693349458902e+66
1.8365034630483607e+66
5.463732527161495e+65
1.644944704033986e+65
5.0834017901767e+64
1.6398330837704436e+64
5.606813233084776e+63
2.0446580005871184e+63
7.909677271672126e+62
3.2000326214081674e+62
1.3314116594304088e+62
5.614180491708153e+61
2.3763478401352713e+61
1.0031167118341127e+61
4.209279879207659e+60
