7.856047620613927e+71
5.3926292925789615e+73
1.464883982763624e+74
2.373931246725669e+74
3.0892442254430113e+74
3.564868401235723e+74
3.8151350075623406e+74
3.877682946873143e+74
3.7963443926341733e+74
3.611884598559084e+74
3.3593735987163524e+74
3.068531299968515e+74
2.7610819854717826e+74
2.453812875393414e+74
2.1582026721359752e+74
1.8815615325061805e+74
1.6281258171652366e+74
1.3999876502192798e+74
1.1972402651959937e+74
1.0190033479500382e+74
5.309468820826528e+73
1.8479647669540432e+73
6.123133525453754e+72
1.960825862170276e+72
6.113673200974683e+71
1.864752568122557e+71
5.582088252049326e+70
1.6435949671923672e+70
4.766908584242677e+69
1.3634036493206441e+69
3.8480805917705963e+68
1.0721467984112536e+68
2.94906928420691e+67
8.012083754401686e+66
2.1518612059022778e+66
5.720197323006662e+65
1.510413056311518e+65
3.9842665263406223e+64
1.0608215744458594e+64
2.8951634901131473e+63
8.261214536908063e+62
2.5107686796489957e+62
8.205977525363825e+61
2.8673882914035525e+61
1.0533537799820856e+61
3.9867594764651754e+60
1.5294862390102629e+60
5.881305384224457e+59
2.2522193993752582e+59
8.556298649303343e+58
