7.331600317161116e+71
7.710904783798768e+73
2.5048592104000976e+74
4.536702920264215e+74
6.444343140565234e+74
8.025338863679915e+74
9.216365567359347e+74
1.0018297604053269e+75
1.046945617482497e+75
1.0620846212041066e+75
1.05273845231133e+75
1.0242598390682897e+75
9.814192728437283e+74
9.284632805131888e+74
8.689056454794318e+74
8.056390965822736e+74
7.41089528424655e+74
6.769582714278511e+74
6.146762294214761e+74
5.550847571653929e+74
3.605002943219489e+74
1.7184121493236185e+74
7.658422107581476e+73
3.263109349769817e+73
1.3451141252216094e+73
5.404680300122978e+72
2.127041816820719e+72
8.226006483948921e+71
3.133151461797058e+71
1.1770892843321224e+71
4.3669261438430406e+70
1.601326511775304e+70
5.809165239659944e+69
2.087103061571124e+69
7.437374132487258e+68
2.63527892883854e+68
9.321151468488016e+67
3.310323585863069e+67
1.1908095458150558e+67
4.387418029384522e+66
1.6766849770686648e+66
6.717020025408906e+65
2.833672329664869e+65
1.2551524077846102e+65
5.781986789908826e+64
2.7364857278841926e+64
1.3156731625617484e+64
6.3688812449832504e+63
3.0855025891496996e+63
1.4902258159899998e+63
