6.744921524732544e+71
8.276705268291531e+73
3.108104948294561e+74
6.270286951063665e+74
9.68718122572435e+74
1.292002428660333e+75
1.5718967129647287e+75
1.7970187926028164e+75
1.9647949842954263e+75
2.077702423260815e+75
2.1409914742095306e+75
2.161365474041177e+75
2.1453811866279997e+75
2.1004324792297907e+75
2.032141950556951e+75
1.946327133271716e+75
1.847971285121105e+75
1.7414202151129657e+75
1.6301510491464625e+75
1.5169967475673595e+75
1.1006748876216766e+75
6.140851303856078e+74
3.17332353806962e+74
1.5571988279551594e+74
7.361651909162821e+73
3.382059348622572e+73
1.518648419678436e+73
6.692470750666908e+72
2.9020525600436674e+72
1.240936342004079e+72
5.240291787292692e+71
2.1879965268613534e+71
9.046156098012528e+70
3.706461073439621e+70
1.5078749017467408e+70
6.104261601706362e+69
2.4664779224437427e+69
9.994173639383005e+68
4.084480184190969e+68
1.6974016592919064e+68
7.237881487649145e+67
3.193380768609338e+67
1.465831505101697e+67
7.01086144854914e+66
3.479210237430219e+66
1.7782606628998884e+66
9.28213763154135e+65
4.907229718914367e+65
2.6106687920958567e+65
1.3910615617863738e+65
