1.8708435203261842e+70
2.239988744388875e+72
7.203510521705565e+72
1.1751214594542584e+73
1.429445493744667e+73
1.4786711051933278e+73
1.3832715592677421e+73
1.2082664102515358e+73
1.0055226642136717e+73
8.06668161128516e+72
6.291804256449204e+72
4.797388957496562e+72
3.589339381541436e+72
2.6441144586523783e+72
1.9226198272051876e+72
1.3817252711169305e+72
9.824813063468245e+71
6.92380345131416e+71
4.837132701834626e+71
3.354029201782691e+71
7.742364875840444e+70
7.239291532472902e+69
5.969890620379644e+68
4.516023678121607e+67
3.217800212919929e+66
2.1951711370724557e+65
1.4497720962716317e+64
9.325914888559179e+62
5.876421071945654e+61
3.638564938521844e+60
2.220501937949697e+59
1.3380964749540442e+58
7.972698278997925e+56
4.706259531036791e+55
2.753694887354774e+54
1.5977429673096927e+53
9.20493328583652e+51
5.267882614840941e+50
2.9948354820928156e+49
1.691676302156843e+48
9.5002403254973e+46
5.3046120205472175e+45
2.9448191768576452e+44
1.6274231439484113e+43
8.954415323421305e+41
4.911964794726725e+40
2.6932575845867556e+39
1.4808107280965915e+38
8.199601481428314e+36
4.610104862609651e+35
