6.91697361825301e+71
8.321116430379158e+73
3.0312843897985265e+74
5.964847958806273e+74
9.028084345729105e+74
1.1836089802200304e+75
1.4193235687384058e+75
1.6021799770199236e+75
1.7322439854462887e+75
1.8137082275248145e+75
1.8518032650644174e+75
1.8532726205426407e+75
1.8247047945663826e+75
1.7722928376370405e+75
1.701658664867992e+75
1.6178612970693155e+75
1.5252706409037465e+75
1.427337078075393e+75
1.3269440922638849e+75
1.2265904519397642e+75
8.680101933682932e+74
4.673244516127987e+74
2.3341156072270396e+74
1.1087600838985438e+74
5.076868310103595e+73
2.2605621563797184e+73
9.842324211290121e+72
4.206245110350732e+72
1.7692699432747472e+72
7.33823413923752e+71
3.0059677550641468e+71
1.2175120808698227e+71
4.881811733574079e+70
1.9400308838327825e+70
7.654629849232345e+69
3.0056027550896066e+69
1.1787804934744248e+69
4.639438435725776e+68
1.8454010370870444e+68
7.485177525913514e+67
3.12701246302534e+67
1.3570005713185637e+67
6.147434715934119e+66
2.9069694197035014e+66
1.4268416328624709e+66
7.203314446832226e+65
3.7055096045025787e+65
1.9269609163920805e+65
1.0059882229439707e+65
5.2534046843602114e+64
