8.243732924435422e+70
1.4183521427008338e+73
6.361078290499753e+73
1.4250064421341758e+74
2.35377259264644e+74
3.278011878186889e+74
4.0947022124503295e+74
4.745289644933569e+74
5.207651957291836e+74
5.485319753087445e+74
5.595370400928803e+74
5.562917093090392e+74
5.416172013447739e+74
5.181873926565123e+74
4.884466891579661e+74
4.547236330962225e+74
4.1857677768813945e+74
3.8171721237631084e+74
3.4512157725378326e+74
3.097601488012232e+74
1.929919817574933e+74
8.284613894650655e+73
3.202129942468919e+73
1.1511897656424089e+73
3.925760482277183e+72
1.2862260607050687e+72
4.0857677043452024e+71
1.2655428172495482e+71
3.840310278616918e+70
1.1454053231583147e+70
3.3659696586289434e+69
9.764082485514083e+68
2.8009427833847215e+68
7.948373476694628e+67
2.235283883759352e+67
6.229139814851691e+66
1.7221486290635446e+66
4.7246443250211635e+65
1.2870547899513215e+65
3.482019515956864e+64
9.365025195616489e+63
2.5057576934345098e+63
6.680141952998588e+62
1.7777930668491585e+62
4.7371691064052383e+61
1.2687011614107117e+61
3.4344820974657335e+60
9.454289265430355e+59
2.6667139122656235e+59
7.753255975032537e+58
