7.453518162959959e+71
7.369457728062156e+73
2.307574355030778e+74
4.07997810964095e+74
5.690869047941782e+74
6.982911243459999e+74
7.91523269583825e+74
8.50298370821433e+74
8.788731291593832e+74
8.82208045173992e+74
8.656175387194474e+74
8.338745386821554e+74
7.911806640660448e+74
7.413858239928646e+74
6.873135695808219e+74
6.31403235653955e+74
5.755194684334973e+74
5.209970739054089e+74
4.688397854902389e+74
4.1964117377818735e+74
2.63796377233027e+74
1.2003031996373411e+74
5.121320519184943e+73
2.0920956836104268e+73
8.279549944161792e+72
3.1958938954431917e+72
1.208968873617148e+72
4.495076195423361e+71
1.6462260398331851e+71
5.946863607808237e+70
2.121002378229001e+70
7.477323583495924e+69
2.606699500619406e+69
8.996083848467802e+68
3.07828195002065e+68
1.0467254820956852e+68
3.5511083469364155e+67
1.2094592572391695e+67
4.172689673713357e+66
1.476479549403899e+66
5.428995767219846e+65
2.0990573670619751e+65
8.57440988589507e+64
3.685409846578209e+64
1.6491326068538535e+64
7.580735908869231e+63
3.536701719847853e+63
1.6598131627405955e+63
7.787117958429959e+62
3.6393472203064834e+62
