4.41323350864134e+71
6.598645593335363e+73
2.886837567815133e+74
6.523489057778583e+74
1.1036227016148922e+75
1.586670472608981e+75
2.0556270283968654e+75
2.478801639680566e+75
2.8375293134005933e+75
3.122684202790028e+75
3.3331138659842437e+75
3.4720996994618406e+75
3.5463563091145485e+75
3.5627258644295966e+75
3.5308266309022686e+75
3.4580450201236455e+75
3.3528440268818026e+75
3.2223848594745905e+75
3.0733651465443714e+75
2.9111994957573366e+75
2.2461781902006597e+75
1.355881748931235e+75
7.489631003393659e+74
3.896874980283904e+74
1.9413217943803612e+74
9.358504150810876e+73
4.3955167598255784e+73
2.0209815792235065e+73
9.127988005201441e+72
4.0593670340076404e+72
1.7809490025263696e+72
7.720816964194753e+71
3.311907567179187e+71
1.4072957771870503e+71
5.932808967321505e+70
2.4853168094355748e+70
1.0368563139399623e+70
4.321001496238502e+69
1.8064419820344784e+69
7.615448178793699e+68
3.260680023458933e+68
1.427405490842947e+68
6.437066580142261e+67
3.00380944997289e+67
1.4522786992070516e+67
7.255671092828881e+66
3.72554482163227e+66
1.9524522703349123e+66
1.0372600912118164e+66
5.553513323594092e+65
