7.22138036244902e+71
7.959870158157538e+73
2.670985473110351e+74
4.947485147724814e+74
7.14739126179055e+74
9.024692691544253e+74
1.0486830969470222e+75
1.1520358331224126e+75
1.2156713832763255e+75
1.244603691264915e+75
1.2444606820757009e+75
1.2211359628178067e+75
1.179809524626601e+75
1.125114221122835e+75
1.0613305321685448e+75
9.919187813275906e+74
9.19413679923799e+74
8.462329624314837e+74
7.741446744105906e+74
7.042383514278521e+74
4.700796111401583e+74
2.329555729815542e+74
1.0771887085312013e+74
4.7539462341154245e+73
2.027790446463721e+73
8.42675940477495e+72
3.427954172918254e+72
1.3700278192251558e+72
5.39126849293435e+71
2.0924351372174567e+71
8.021473116935781e+70
3.039220203249333e+70
1.1396123941290843e+70
4.2325236081181484e+69
1.559829153024454e+69
5.717558649504506e+68
2.0924093918583606e+68
7.689481083467246e+67
2.8597201873587254e+67
1.0879150481642385e+67
4.283644829284714e+66
1.762465167602912e+66
7.616449373300422e+65
3.450251721003774e+65
1.6243325711706568e+65
7.860765934183772e+64
3.86759877400066e+64
1.9185511036495494e+64
9.532920360348079e+63
4.726131544698831e+63
