1.1785984223275486e+71
1.341855202870086e+73
4.0019292542537556e+73
6.305101876303707e+73
7.649725735982559e+73
8.075154451219477e+73
7.825225861547046e+73
7.155607950137911e+73
6.268711095856538e+73
5.3158692788635144e+73
4.390158457214481e+73
3.547435304490901e+73
2.814123911136614e+73
2.197114990863526e+73
1.6917746834378883e+73
1.2866925265967353e+73
9.678245005241397e+72
7.210359905617383e+72
5.323936995868358e+72
3.9000714107300746e+72
1.1094792519668334e+72
1.433159823418632e+71
1.655163916859298e+70
1.773600279667685e+69
1.803761689684496e+68
1.765503656925104e+67
1.6791218135113273e+66
1.5614296740683512e+65
1.4262664294381446e+64
1.283611905063658e+63
1.1411822983352e+62
1.0035591192887706e+61
8.735130961514567e+59
7.532304457609734e+58
6.437716958588946e+57
5.453812118920364e+56
4.578897283436488e+55
3.80954951587144e+54
3.1405860661994975e+53
2.5640321962287613e+52
2.0726682058205296e+51
1.6591011404899347e+50
1.3137067226995577e+49
1.0304738889423195e+48
8.01687684032682e+46
6.199591321892787e+45
4.7945559085204765e+44
3.7410997599800124e+43
2.988130168785614e+42
2.4881791254101153e+41
