7.580627466775754e+71
3.302626399761293e+73
8.35812562409045e+73
1.2778128478344582e+74
1.5641962673021995e+74
1.692773021488404e+74
1.6949194113795754e+74
1.6078781897275533e+74
1.465810066705045e+74
1.2956777086373027e+74
1.1174399582928937e+74
9.444485755703257e+73
7.850821052354798e+73
6.435667841219493e+73
5.214380711368098e+73
4.1828842242825175e+73
3.327975212886841e+73
2.62927642991092e+73
2.0652604384097576e+73
1.6144621588491116e+73
6.0808051666619494e+72
1.319620295744477e+72
2.813625712631758e+71
5.949447952414538e+70
1.2447563162263465e+70
2.5700022141931335e+69
5.229283611259026e+68
1.0487684987934461e+68
2.0734320734837802e+67
4.041687509866683e+66
7.770071594757791e+65
1.4728839795519845e+65
2.752126399420413e+64
5.066896483771807e+63
9.188194087304102e+62
1.6413646450834458e+62
2.89123666476491e+61
5.03891181819542e+60
8.7555595688493e+59
1.5398764090842318e+59
2.8097818670748584e+58
5.492438882485081e+57
1.180770650162872e+57
2.7998657631116667e+56
7.155472456226538e+55
1.908821761650272e+55
5.1762502916261595e+54
1.4038727498704714e+54
3.7749059548410675e+53
1.0031334989164936e+53
