1.9455168937328827e+71
3.42920363708853e+73
1.600501502941783e+74
3.7567203444986045e+74
6.52345087093888e+74
9.561379424494455e+74
1.2571322107250472e+75
1.533058633687971e+75
1.769969089329043e+75
1.95976658135992e+75
2.1003767519167466e+75
2.1928413224947725e+75
2.2415112245625174e+75
2.2508514056852805e+75
2.2266565738147835e+75
2.175189521039657e+75
2.1016936229760724e+75
2.0112669407575157e+75
1.9084428283196022e+75
1.7977439808884411e+75
1.3512781162353736e+75
7.755093004920791e+74
4.035565614682163e+74
1.9649942548365543e+74
9.117936999672547e+73
4.0800446169679916e+73
1.7745092319652518e+73
7.542271965409522e+72
3.145973719813069e+72
1.2911633356789346e+72
5.225676431107375e+71
2.0896032636856247e+71
8.265886103964503e+70
3.236952231433726e+70
1.2563241386928121e+70
4.836707709335318e+69
1.848454806871114e+69
7.019206618778126e+68
2.6517520737778704e+68
9.980454645708308e+67
3.75216123758581e+67
1.413255659517088e+67
5.3530812367086324e+66
2.050530472340103e+66
7.991656241671982e+65
3.189410079367636e+65
1.3107079410981161e+65
5.562217813852537e+64
2.43814966910014e+64
1.1008943604050556e+64
