7.904552539968013e+71
4.351685854887291e+73
1.1294889366688346e+74
1.7743831000648372e+74
2.241020998443856e+74
2.5092298856672093e+74
2.6039112812233873e+74
2.5650526538524564e+74
2.43224865304036e+74
2.2390891087191943e+74
2.0142769113436858e+74
1.7780074073545627e+74
1.5454903863214033e+74
1.326139857598853e+74
1.1258544899957234e+74
9.472348645378737e+73
7.909087363162879e+73
6.561968318957894e+73
5.415782818659515e+73
4.448908052815485e+73
2.0284127731774662e+73
5.825721822284167e+72
1.611709815795831e+72
4.3417376422902467e+71
1.1434228749694093e+71
2.950627151213252e+70
7.47652780689599e+69
1.8633018575266907e+69
4.5737436004006355e+68
1.1063788598143082e+68
2.6392227232598844e+67
6.208433979544061e+66
1.4402627051306146e+66
3.2956771406586456e+65
7.437975241363278e+64
1.657164444050911e+64
3.6545010708915405e+63
8.0126735485534965e+62
1.7638548122779123e+62
3.9613944349008757e+61
9.286139987215221e+60
2.329356040717586e+60
6.35319609274287e+59
1.8764095554930811e+59
5.882615177259991e+58
1.9090553220386865e+58
6.283610176455671e+57
2.070031029205261e+57
6.776401508574098e+56
2.197001292158746e+56
