1.4437963426578695e+71
2.5590685908955485e+73
1.1902034177365635e+74
2.772849880888753e+74
4.769807581183215e+74
6.919953397628128e+74
9.00496253900879e+74
1.0867196367355807e+75
1.2416325082549556e+75
1.3607172764303692e+75
1.4435176586221109e+75
1.49186980235005e+75
1.5093830020285076e+75
1.500293220386775e+75
1.4693692313943613e+75
1.4207570054629577e+75
1.3588450471286274e+75
1.2870249627016405e+75
1.2089764910447017e+75
1.1270708497525885e+75
8.140440954229398e+74
4.390477300637612e+74
2.1443955612313504e+74
9.785535360355455e+73
4.2502962951785094e+73
1.7784929900549643e+73
7.22714268561301e+72
2.868181132246399e+72
1.116338987396346e+72
4.2732105581789407e+71
1.6129911195466915e+71
6.012746116501283e+70
2.216633662719655e+70
8.089982238362973e+69
2.92593185412867e+69
1.049142619230796e+69
3.7337451505762816e+68
1.3192139175409558e+68
4.6313588614238335e+67
1.6175661874595126e+67
5.627074559438821e+66
1.9537893488128247e+66
6.788221644573081e+65
2.368845581733531e+65
8.339345274184064e+64
2.978658322389678e+64
1.086604752403926e+64
4.071543809052786e+63
1.5734089697741732e+63
6.282018077328473e+62
