2.267766393895851e+71
3.9528539557349755e+73
1.8396153050813224e+74
4.3174425368872057e+74
7.50810874904128e+74
1.1027445977197397e+75
1.453241336481623e+75
1.7769619413867245e+75
2.0567796958939703e+75
2.2836010091928344e+75
2.454592639409264e+75
2.5706541857609713e+75
2.6353392893092205e+75
2.65459142448123e+75
2.6341310598472053e+75
2.581634276717881e+75
2.5027243581544882e+75
2.4028210388001986e+75
2.2883794125321916e+75
2.1630187245039254e+75
1.648359679229159e+75
9.670670252442184e+74
5.150992128956259e+74
2.5696811498870693e+74
1.2226997820825575e+74
5.612776825622649e+73
2.5063068372627042e+73
1.0938719497089188e+73
4.686418380562159e+72
1.976112313601437e+72
8.218735850393008e+71
3.3771748895264856e+71
1.3728616243648823e+71
5.526766919263432e+70
2.2050259598656685e+70
8.728689960276264e+69
3.430514329772954e+69
1.3406059051169832e+69
5.217168471611924e+68
2.026070498446217e+68
7.874622893919087e+67
3.0760265992429817e+67
1.2133192741511012e+67
4.865640980584047e+66
1.995408136116899e+66
8.4211696552929475e+65
3.6709463394052472e+65
1.6541878669846112e+65
7.685223692902274e+64
3.663274844028609e+64
