7.090896586707466e+71
8.238522735156672e+73
2.8934637804767485e+74
5.539663444985938e+74
8.204118695661181e+74
1.0570504022951212e+75
1.2490035312834752e+75
1.3923143714202365e+75
1.4885256543329893e+75
1.5424504341464525e+75
1.559916536577567e+75
1.5470742807381055e+75
1.5102323348783892e+75
1.4547154274755236e+75
1.385638623080211e+75
1.3072043523228399e+75
1.223100071983386e+75
1.135955488933224e+75
1.04837232958492e+75
9.62080380551224e+74
6.630642392677374e+74
3.437813182530947e+74
1.6575344061518938e+74
7.608936461380303e+73
3.371314960597881e+73
1.4533295518647472e+73
6.128501927820748e+72
2.537509588150682e+72
1.0340037598243897e+72
4.1554592671127955e+71
1.6488862763267074e+71
6.468092306179542e+70
2.5110808837387106e+70
9.658221335352988e+69
3.687429068051336e+69
1.4007879107456135e+69
5.314007080721831e+68
2.0243132723764484e+68
7.802996388465528e+67
3.0729037640501946e+67
1.2498295668102532e+67
5.296982888491399e+66
2.3513649622896953e+66
1.091323443254811e+66
5.258493187593103e+65
2.6042159773729213e+65
1.312091425378151e+65
6.668765458958392e+64
3.399225563116606e+64
1.7302884727892607e+64
