1.1017992309854517e+71
1.9299845988166383e+73
8.865386973719365e+73
2.0355480567480312e+74
3.447207396495626e+74
4.920494763882942e+74
6.298930768718585e+74
7.479859452018684e+74
8.40687705041743e+74
9.064741532925615e+74
9.463845244191102e+74
9.627583223348879e+74
9.58721964222589e+74
9.381759055010577e+74
9.045085450793871e+74
8.609992867048207e+74
8.105726124164751e+74
7.558902684261979e+74
6.990326422641914e+74
6.415645479575483e+74
4.359620002605536e+74
2.1401995839073198e+74
9.490651444367958e+73
3.9248700949534625e+73
1.5427042529482524e+73
5.835867360299689e+72
2.141671918090323e+72
7.671794165190007e+71
2.6938085681199834e+71
9.301130469030285e+70
3.1654172412257154e+70
1.0638348971585345e+70
3.534958979028215e+69
1.162776180560733e+69
3.7896467918901335e+68
1.2244725776556258e+68
3.924370429993878e+67
1.2487501991612795e+67
3.9460892357316996e+66
1.2394789272328537e+66
3.8732467797357697e+65
1.2056381668028736e+65
3.746611693012328e+64
1.1650486138857132e+64
3.638946863396727e+63
1.147671990387838e+63
3.67560157975862e+62
1.2030133128756158e+62
4.0509227762152083e+61
1.4087590345267004e+61
