5.264907023869504e+71
7.289818118052253e+73
3.084560049185121e+74
6.813195995942205e+74
1.1326401084954092e+75
1.605210224390322e+75
2.0550717905932572e+75
2.453535228862754e+75
2.784682629051123e+75
3.0428113174961555e+75
3.2280888768859093e+75
3.344929793529046e+75
3.400425854164361e+75
3.402926118044724e+75
3.360367300233314e+75
3.281036906767402e+75
3.172406708657744e+75
3.0416470666059886e+75
2.894594405102759e+75
2.7366181866713625e+75
2.0992802035724204e+75
1.2604394662120601e+75
6.947884985970605e+74
3.6146994247570265e+74
1.8036515216501295e+74
8.717892997085389e+73
4.108234507588151e+73
1.8964590759349582e+73
8.601894745339256e+72
3.843997229216664e+72
1.6948810473250465e+72
7.387934494869559e+71
3.1862695660774266e+71
1.3620293860937653e+71
5.777653131744841e+70
2.4374105530453737e+70
1.0251673057218425e+70
4.314549955556641e+69
1.826677187479253e+69
7.8230786093790195e+68
3.4150972755188855e+68
1.531242481999895e+68
7.093966173490223e+67
3.407822153737477e+67
1.6957797063168673e+67
8.701067812166481e+66
4.573676699140634e+66
2.445243764449051e+66
1.320697597915786e+66
7.1687820597755515e+65
