7.180892425490621e+71
8.15365642632964e+73
2.804308992476246e+74
5.286113879168567e+74
7.737502938515874e+74
9.873707282136227e+74
1.1573353846351583e+75
1.2812677612115927e+75
1.361362235546854e+75
1.4026295738083538e+75
1.4109383507196623e+75
1.39237580524104e+75
1.3526547998258383e+75
1.2969523488507819e+75
1.2297074374490994e+75
1.1550544544753402e+75
1.0760622219928702e+75
9.952515092945095e+74
9.147985066287648e+74
8.36084350179196e+74
5.677002123102865e+74
2.8824017657721656e+74
1.3629397363012547e+74
6.143368625547704e+73
2.6740636763051132e+73
1.1330972912528979e+73
4.6989932410003274e+72
1.9135730103768314e+72
7.671654883227441e+71
3.033447159684179e+71
1.184227362906912e+71
4.5703824925838025e+70
1.7453302747354337e+70
6.6046808279880865e+69
2.480366090569128e+69
9.265683264346708e+68
3.458187099446124e+68
1.29588150273632e+68
4.9168038592071243e+67
1.908344101959489e+67
7.65977683388747e+66
3.2095916787487428e+66
1.4107612550158323e+66
6.488605001836191e+65
3.098419673772742e+65
1.5201316705485719e+65
7.582172046103479e+64
3.812175580840479e+64
1.920741571178037e+64
9.659116567303728e+63
