2.9722660049205273e+71
4.989224925141702e+73
2.2896237538228307e+74
5.336780302636719e+74
9.243814635038974e+74
1.3541647801922363e+75
1.7819417680100214e+75
2.1771648500990134e+75
2.5195386183928587e+75
2.798074823194347e+75
3.0097465091783494e+75
3.1553697788429633e+75
3.2394227934515137e+75
3.2690773912859593e+75
3.2509019440264814e+75
3.1932087793811465e+75
3.103227259195633e+75
2.9875930123969695e+75
2.853540215819474e+75
2.7054747150102807e+75
2.0890551916079813e+75
1.2538346224374345e+75
6.850874756973927e+74
3.512148193963756e+74
1.7196974854003286e+74
8.131919412678457e+73
3.740723355684785e+73
1.6834918653677278e+73
7.435838310815227e+72
3.23348190456001e+72
1.3869467322555987e+72
5.876886742773619e+71
2.463073564530575e+71
1.0224356234330677e+71
4.2072525887339625e+70
1.718084870345291e+70
6.975173764087345e+69
2.8188639087419176e+69
1.137172142580185e+69
4.596338064022104e+68
1.8684465320827895e+68
7.688825575441728e+67
3.2226083999180124e+67
1.3860020268502048e+67
6.147882734817148e+66
2.8211501468913e+66
1.3389180518329429e+66
6.544624334939104e+65
3.276278421705728e+65
1.6682616244878285e+65
