2.871274424734352e+70
4.078448146951489e+72
1.5085770746543286e+73
2.8058438428843752e+73
3.8665935588790714e+73
4.512144218691857e+73
4.744774480607781e+73
4.649457772679081e+73
4.3303654493021497e+73
3.883230591330733e+73
3.38138082919171e+73
2.874133908508411e+73
2.3975609814911922e+73
1.966720667728861e+73
1.5923865456576986e+73
1.273029136405097e+73
1.0073318555349743e+73
7.895918879532129e+72
6.136585599537564e+72
4.732105403123384e+72
1.6438600577858056e+72
2.868463564832214e+71
4.4366900895763214e+70
6.311371073030296e+69
8.454321572735638e+68
1.0838366097590822e+68
1.343393230501402e+67
1.6208178738310995e+66
1.9131364928808617e+65
2.21766053661501e+64
2.5306134042891263e+63
2.849586482451031e+62
3.170671949589074e+61
3.491463754806853e+60
3.806939109101487e+59
4.11486205251724e+58
4.412314278464595e+57
4.694391660001491e+56
4.957297344347972e+55
5.198826819495938e+54
5.414902675499721e+53
5.603617581697468e+52
5.763260707640857e+51
5.895686639948104e+50
6.004331436427965e+49
6.098702298234771e+48
6.1978269103573064e+47
6.325076943986653e+46
6.518556749693347e+45
6.841408321457764e+44
