9.563820448306191e+70
1.6628234773794876e+73
7.565041274566362e+73
1.7181942411710876e+74
2.878270522844237e+74
4.06354306172807e+74
5.143977444709719e+74
6.041192248218557e+74
6.717848249589188e+74
7.166875479615127e+74
7.403892478850365e+74
7.45390233014499e+74
7.346487391242305e+74
7.114844014893197e+74
6.78987735294356e+74
6.398144116933245e+74
5.962817804965748e+74
5.504406292452656e+74
5.037185697553499e+74
4.576002193794493e+74
2.9890189390851537e+74
1.3802614714057884e+74
5.748132714072369e+73
2.2295856467806858e+73
8.212551975041482e+72
2.909050357236011e+72
9.992290972642777e+71
3.348324225638964e+71
1.0997701116850907e+71
3.5508740481196696e+70
1.1299399572523674e+70
3.5493947817736805e+69
1.1025211885270735e+69
3.38988606602818e+68
1.0324930044800947e+68
3.117570847466439e+67
9.33876604194056e+66
2.775948513841456e+66
8.192831094013506e+65
2.4034771451565282e+65
7.011667277703263e+64
2.035648578522187e+64
5.893103309619833e+63
1.7056373405246275e+63
4.948670515184001e+62
1.4465750048069922e+62
4.2831264857844687e+61
1.2931932276883338e+61
4.0080866120418705e+60
1.2820319715170036e+60
