6.537400052906463e+71
8.147870906166513e+73
3.1438096726317205e+74
6.483881277193588e+74
1.020360110597901e+75
1.3818443945193355e+75
1.7031143690189533e+75
1.968883076193453e+75
2.1738212051871545e+75
2.319011727999519e+75
2.4090271287021237e+75
2.449890219563017e+75
2.449072922339972e+75
2.413197767038119e+75
2.3496616070879137e+75
2.26421361448412e+75
2.1624384994216766e+75
2.04951310835853e+75
1.9293362445211402e+75
1.8050856656164471e+75
1.335972439581286e+75
7.665035688171175e+74
4.066501522638779e+74
2.0462990529479914e+74
9.911146569964186e+73
4.66168090250799e+73
2.1420027013347608e+73
9.657736791876977e+72
4.2839110964044104e+72
1.8733349444989638e+72
8.090677440401304e+71
3.454857202359333e+71
1.4606043351540624e+71
6.120461158830174e+70
2.546819557342523e+70
1.0542796152829054e+70
4.354353928992626e+69
1.8015763767234563e+69
7.510757367195697e+68
3.1769589373415953e+68
1.3750955524755438e+68
6.137996507432286e+67
2.8426826517630016e+67
1.369062301145194e+67
6.83830069994506e+66
3.521024744632725e+66
1.854165700186953e+66
9.90525346542036e+65
5.335405001701135e+65
2.881907282207836e+65
