6.416068348659708e+71
8.060845539198034e+73
3.148039240714945e+74
6.55635433732269e+74
1.04004837922642e+75
1.418150418063478e+75
1.758006180325072e+75
2.042654327929303e+75
2.2651757576018177e+75
2.4258531462571587e+75
2.5291696287480175e+75
2.5807315187033667e+75
2.5873994187162904e+75
2.5572310524815094e+75
2.496548888828083e+75
2.4120043560598465e+75
2.3096702012854506e+75
2.1942993453432602e+75
2.0705039552368124e+75
1.9417786594852523e+75
1.4493759270180646e+75
8.414690546829921e+74
4.5136927478025224e+74
2.2948032787991216e+74
1.1225533469648152e+74
5.3313560900151195e+73
2.4734993503900196e+73
1.125483817790083e+73
5.038449322825263e+72
2.2236817747211606e+72
9.691108402449857e+71
4.1763311695506527e+71
1.7818619198034038e+71
7.535620426418419e+70
3.163826310575852e+70
1.3213162784843574e+70
5.5058637122076184e+69
2.2973787300383264e+69
9.650217540721195e+68
4.109577459148016e+68
1.7879965316611413e+68
8.015263411107188e+67
3.722553357895503e+67
1.7965482062657718e+67
8.990132875950243e+66
4.6396937825868654e+66
2.4506467806163117e+66
1.3143138430182408e+66
7.113038622347497e+65
3.863488376069013e+65
