2.4661729581721314e+71
4.256830919939317e+73
1.9739453738054206e+74
4.62679454674318e+74
8.042541643013706e+74
1.1811294997977112e+75
1.5571975880385248e+75
1.9049133595667774e+75
2.206366035396656e+75
2.4518273922635048e+75
2.6375319720418977e+75
2.7644655521105313e+75
2.8368396363482427e+75
2.8606958570024716e+75
2.8423034530470588e+75
2.788609011195582e+75
2.7066613130214546e+75
2.6021970651112716e+75
2.481243032806121e+75
2.348633511183021e+75
1.8000070510270887e+75
1.065935013913952e+75
5.73491540618424e+74
2.891449247458597e+74
1.3908897238168315e+74
6.458792612666794e+73
2.9169438117602683e+73
1.2882950176165574e+73
5.584368587685414e+72
2.3825451106838283e+72
1.0030125058065882e+72
4.170661312534779e+71
1.7158210725472168e+71
6.99145837461259e+70
2.823314271939024e+70
1.131334672125909e+70
4.503322912210137e+69
1.7827758465500093e+69
7.031451931387699e+68
2.7709569876007644e+68
1.0943130275967692e+68
4.351891532409247e+67
1.7523452297536056e+67
7.191452535681655e+66
3.0274436215165408e+66
1.3140335891017007e+66
5.897766213992865e+65
2.734542677142407e+65
1.3050341819789342e+65
6.373361134038849e+64
