6.643221489766907e+71
8.219185032757093e+73
3.1309071774576056e+74
6.39007506194605e+74
9.96895430913565e+74
1.3403233921181597e+75
1.6417806257508538e+75
1.887946391251412e+75
2.0749476028829703e+75
2.2043688522001918e+75
2.281211834709019e+75
2.3119760858869443e+75
2.303666671662021e+75
2.2630993853699318e+75
2.196772873722152e+75
2.1109511567483875e+75
2.0107260987139535e+75
1.900775936344448e+75
1.7844569305337236e+75
1.6654709300306525e+75
1.2214780282922967e+75
6.919747470241198e+74
3.6279418786172417e+74
1.805229436951882e+74
8.649422665004082e+73
4.025564797971713e+73
1.831312926593879e+73
8.172577097454871e+72
3.58941843060411e+72
1.5541450818987606e+72
6.646641982351075e+71
2.8099545905678947e+71
1.1762385878834562e+71
4.881882056273684e+70
2.0110207383058533e+70
8.244482811548219e+69
3.3722469556940133e+69
1.3825906143028344e+69
5.715885512159148e+68
2.3990823714823917e+68
1.0316730166716742e+68
4.583093262634843e+67
2.114815997427343e+67
1.0158741596926609e+67
5.0612597737192264e+66
2.5990425536406175e+66
1.3637036826849732e+66
7.254468657634871e+65
3.88685349232528e+65
2.0871813192308028e+65
