6.316243579263466e+71
7.984169445184392e+73
3.151877300023737e+74
6.620822652121991e+74
1.0575759853901106e+75
1.4507579791623486e+75
1.8076270549636955e+75
2.1091244569406787e+75
2.347917733173488e+75
2.523107467015776e+75
2.638456016947596e+75
2.699509661206531e+75
2.7137779318654568e+75
2.6884633689786344e+75
2.6304602530635124e+75
2.547281528125942e+75
2.4439650814320216e+75
2.326735908454571e+75
2.1997351570047132e+75
2.0665972444058053e+75
1.5531536637890393e+75
9.10272273688957e+74
4.923940991713579e+74
2.5235727532603353e+74
1.2439883946681118e+74
5.951843345809209e+73
2.780790350141299e+73
1.2744951268590314e+73
5.7442402103628956e+72
2.5524434168103088e+72
1.1199149669567994e+72
4.859369945448533e+71
2.0871234848422913e+71
8.886166518813572e+70
3.7553723365497263e+70
1.5790788622906768e+70
6.622491446041136e+69
2.7803055911741235e+69
1.174848744619105e+69
5.0292293901359e+68
2.198200186871637e+68
9.885415802994531e+67
4.603779123845679e+67
2.2262419012739825e+67
1.116015292505376e+67
5.771189783289032e+66
3.055279709205999e+66
1.643523197649138e+66
8.9227384233547e+65
4.864782106009165e+65
