3.767238687675883e+71
5.962077975261107e+73
2.6701954093174925e+74
6.127389000476874e+74
1.0489748243231896e+75
1.5226889941445718e+75
1.9889723918144156e+75
2.41492132198027e+75
2.7804804414259057e+75
3.0755247596678554e+75
3.2967237944941146e+75
3.4472266236786445e+75
3.531563282597233e+75
3.558305818302894e+75
3.5341019835593965e+75
3.4686178047627302e+75
3.3694080470949e+75
3.2435384817255742e+75
3.097955204355698e+75
2.9381096954775905e+75
2.274892749549708e+75
1.3766078293132841e+75
7.605506465740435e+74
3.951692516433728e+74
1.9637471864215315e+74
9.434237258064163e+73
4.4135746660768444e+73
2.0201621367981225e+73
9.080057256480322e+72
4.018514019405643e+72
1.7540482394607242e+72
7.565830012676484e+71
3.227341274209247e+71
1.363845985413744e+71
5.713724578590732e+70
2.378152424935071e+70
9.847121625471394e+69
4.066999745532703e+69
1.6814173946629506e+69
6.991477844741563e+68
2.940446542523533e+68
1.2598479203325145e+68
5.536241495005842e+67
2.5114125671521945e+67
1.1791129995899487e+67
5.729392805866232e+66
2.8697566952049632e+66
1.472330522664641e+66
7.685673067269392e+65
4.0552385878817307e+65
