1.6700220133924398e+71
2.95766280536504e+73
1.379335689963802e+74
3.228566924722967e+74
5.585359362245282e+74
8.150938183526267e+74
1.0670568729820389e+75
1.29544655070104e+75
1.4887092487817095e+75
1.6410438668330092e+75
1.750794859860186e+75
1.8198505131430233e+75
1.8517578261380647e+75
1.8509769343380963e+75
1.822981899178371e+75
1.7724762187601262e+75
1.7047530792145765e+75
1.6238726541910284e+75
1.5338140341026157e+75
1.4381593236336124e+75
1.061287460254899e+75
5.918793298895503e+74
2.990656126139491e+74
1.4125815399053947e+74
6.354662940831176e+73
2.7545694409449594e+73
1.1601995071221975e+73
4.773216813351291e+72
1.9263305009337735e+72
7.648384652688373e+71
2.9937132006648593e+71
1.157710945240955e+71
4.427546757941079e+70
1.6765644906556587e+70
6.290527910734264e+69
2.340652244083598e+69
8.642072329188487e+68
3.169449237960543e+68
1.1553992515133987e+68
4.193203415719964e+67
1.5172725143020415e+67
5.487094113103855e+66
1.990088706982495e+66
7.2699354712715045e+65
2.689747259927097e+65
1.0138769956076922e+65
3.918716270806582e+64
1.5607366588075076e+64
6.420817135001088e+63
2.726665233217749e+63
