6.994595308409375e+71
8.27919378276302e+73
2.9638650161706336e+74
5.756358677429986e+74
8.623114118610516e+74
1.1212341261020065e+75
1.335156438348761e+75
1.4982059952808466e+75
1.6112942890250956e+75
1.6786587238443177e+75
1.7062946085476083e+75
1.7005829158671616e+75
1.6675157585970424e+75
1.6134110268592027e+75
1.5433952155839496e+75
1.4621639651952996e+75
1.3735412292743545e+75
1.2809584381487984e+75
1.1867410872668223e+75
1.0933468693688364e+75
7.642098998609704e+74
4.042466053163044e+74
1.985982466798467e+74
9.284453802678279e+73
4.185494774460048e+73
1.835405705431575e+73
7.871752075112298e+72
3.3140335381779492e+72
1.3732933326928181e+72
5.612124685697404e+71
2.2644295837842552e+71
9.033573113792349e+70
3.5671948446700236e+70
1.395778954270367e+70
5.421282036779338e+69
2.0956005409828893e+69
8.088319589318645e+68
3.1334885612944693e+68
1.2273644916966963e+68
4.9066727231085713e+67
2.0221784366955006e+67
8.670088266517079e+66
3.886568027197445e+66
1.8203050601070147e+66
8.84967169075951e+65
4.425216349704205e+65
2.253577291445594e+65
1.159048014419429e+65
5.982682422678193e+64
3.086483364860693e+64
