1.2552602986614034e+71
2.2173549910804134e+73
1.0258177785554169e+74
2.374864484049308e+74
4.0585044311730096e+74
5.846331514355608e+74
7.554185313637466e+74
9.052166238120715e+74
1.026846056083204e+75
1.1174371477311737e+75
1.1770115457675282e+75
1.2080280358467063e+75
1.213816307479399e+75
1.1981308910909214e+75
1.1654152627765658e+75
1.1190934046062076e+75
1.0627489541784113e+75
9.99810232611411e+74
9.327343457286624e+74
8.634853602326835e+74
6.071689422786632e+74
3.141513752337635e+74
1.4705647605544084e+74
6.426908430421464e+73
2.6717786499885422e+73
1.0697356540557204e+73
4.15788138092639e+72
1.5778819017876137e+72
5.8710925783855065e+71
2.148866117892653e+71
7.752796552638116e+70
2.762670323082616e+70
9.733264654130568e+69
3.3953094833574254e+69
1.173522483139127e+69
4.021675411321857e+68
1.367555048714342e+68
4.616158056008814e+67
1.548233185313071e+67
5.1625634668034674e+66
1.7135235804804144e+66
5.670800136960072e+65
1.8756666224344028e+65
6.217170140946886e+64
2.0742325851227955e+64
7.002894875664354e+63
2.406982305690757e+63
8.475541818379985e+62
3.073319945462299e+62
1.1516284110753955e+62
