6.207470956676437e+71
7.907038922027964e+73
3.1531725687057376e+74
6.676361663527102e+74
1.0736000738878366e+75
1.4805736822646328e+75
1.8531948202114102e+75
2.171116795619875e+75
2.4254745897621665e+75
2.6144225961179465e+75
2.7414461716107633e+75
2.811679703303361e+75
2.833181970858525e+75
2.8128354950343403e+75
2.757916243134827e+75
2.6758394647774714e+75
2.5719529683603003e+75
2.4527785315646157e+75
2.322736907745144e+75
2.185841514434048e+75
1.6524430062455266e+75
9.762117297209826e+74
5.31991288750415e+74
2.7455280316028374e+74
1.3621061382926816e+74
6.55846195190777e+73
3.0831946823755154e+73
1.421612501793423e+73
6.445345822662603e+72
2.881323423450394e+72
1.2716355892754206e+72
5.548593938325986e+71
2.397459308569129e+71
1.0266337756724074e+71
4.3652019760396806e+70
1.846037792991492e+70
7.78699171390863e+69
3.2877373387860775e+69
1.3966632287580647e+69
6.009691413127088e+68
2.637679358894835e+68
1.190555428690144e+68
5.559167328094974e+67
2.6943524260313202e+67
1.353389986471706e+67
7.012576256225683e+66
3.721628722433605e+66
2.007568099362858e+66
1.0935165328011558e+66
5.984036047390975e+65
