2.690907095324056e+71
4.5993321733423075e+73
2.1254362062676123e+74
4.973827284735383e+74
8.637720845677251e+74
1.2679609350242078e+75
1.6711328916422438e+75
2.044099897779173e+75
2.367512716369033e+75
2.6311461402630846e+75
2.83136117360864e+75
2.968648863886573e+75
3.047978585556732e+75
3.0754345893585993e+75
3.0578944271952423e+75
3.00254176727074e+75
2.916396909566415e+75
2.8066188189371628e+75
2.6785692970798318e+75
2.5380096839932302e+75
1.9532478256135702e+75
1.1653831200358228e+75
6.32152338909178e+74
3.215738006963272e+74
1.5611962748427308e+74
7.318428140121392e+73
3.3374019099440236e+73
1.488245561271636e+73
6.515511723830936e+72
2.8076590457640424e+72
1.1936786625751796e+72
5.012970023065297e+71
2.0825697774110089e+71
8.567205722624106e+70
3.494196718896206e+70
1.414131996203863e+70
5.686772143155232e+69
2.2756476824011122e+69
9.08114064234271e+68
3.624723253824004e+68
1.4527063972992922e+68
5.874825201803913e+67
2.4129894734105408e+67
1.0132915860030294e+67
4.3784551256858324e+66
1.9544508028593247e+66
9.02442678845259e+65
4.301121981948215e+65
2.104911444427632e+65
1.0511608535577867e+65
