7.579057508511554e+71
6.898762735027096e+73
2.0709856567588407e+74
3.566010405140935e+74
4.875062233731644e+74
5.881797930637102e+74
6.567371205648798e+74
6.956835619610432e+74
7.094641839094339e+74
7.030492717382877e+74
6.810697824556867e+74
6.47940876064195e+74
6.073062527348087e+74
5.621138298179453e+74
5.148616232357378e+74
4.673831089889506e+74
4.2102999040089374e+74
3.767123229214945e+74
3.3508420113564633e+74
2.965559162700922e+74
1.7870590769847247e+74
7.655121913081831e+73
3.085228085923224e+73
1.1933134342436567e+73
4.476219117594968e+72
1.639183005871223e+72
5.885255199447985e+71
2.0772894866170759e+71
7.223302951047614e+70
2.4773321285881413e+70
8.388112961301685e+69
2.8059487595462166e+69
9.279905606214936e+68
3.036505271589194e+68
9.844816604578611e+67
3.169377891545229e+67
1.016911087697709e+67
3.2741421358123336e+66
1.0676111672314169e+66
3.572035488296678e+65
1.244929661586799e+65
4.578333877529203e+64
1.7856107550012208e+64
7.354047540263013e+63
3.1580491388758356e+63
1.393569232456236e+63
6.237750772254109e+62
2.804973941273651e+62
1.2597527953930887e+62
5.628921013884214e+61
