6.827819865274935e+71
8.312851060514587e+73
3.0777614149572835e+74
6.135192683595325e+74
9.384824810142614e+74
1.2412857700300453e+75
1.4994327250117537e+75
1.703687254288111e+75
1.8525459701721584e+75
1.949598485902915e+75
2.000072783278768e+75
2.010538433251693e+75
1.9880424309123826e+75
1.9387776379832994e+75
1.8689350633213747e+75
1.783839263506361e+75
1.688127631249223e+75
1.5855000313081623e+75
1.4792291854016903e+75
1.3722526931139962e+75
9.838745558263643e+74
5.397299908471483e+74
2.7453792265101793e+74
1.326892364639617e+74
6.180674534117342e+73
2.7989815906095568e+73
1.239289147007453e+73
5.385722882978217e+72
2.303690639597195e+72
9.715934334693829e+71
4.047510771723025e+71
1.667610016917749e+71
6.800458605937802e+70
2.749749724731036e+70
1.103819179428971e+70
4.408913938400891e+69
1.7586368542309633e+69
7.038047683092953e+68
2.843767379203276e+68
1.1700541002572013e+68
4.948223240205227e+67
2.169259487224276e+67
9.910650616378287e+66
4.722077575000892e+66
2.3346624579039983e+66
1.1883422235192742e+66
6.1698183348374695e+65
3.240973182372635e+65
1.7118010767602655e+65
9.04777640372114e+64
