6.423307223498072e+71
2.4056887474175632e+73
6.085604978112489e+73
9.104390750134857e+73
1.0810075584547662e+74
1.1301976805429799e+74
1.0903375491954889e+74
9.946626152656529e+73
8.703272385945581e+73
7.372230633425556e+73
6.082722199248204e+73
4.910750956650371e+73
3.892914806111019e+73
3.0378686647204804e+73
2.3392093820806723e+73
1.7805696825776482e+73
1.3417579252555067e+73
1.0023949455589586e+73
7.432553673037028e+72
5.474939448332995e+72
1.6194623265235317e+72
2.3662655792051365e+71
3.37622274656782e+70
4.869780710868225e+69
7.151342063400554e+68
1.0635289283908067e+68
1.5881465859349547e+67
2.365764741927231e+66
3.4994017113221347e+65
5.1261765187410894e+64
7.421576645251207e+63
1.0606639987802629e+63
1.4947940311292448e+62
2.0750184324609506e+61
2.8344453527787944e+60
3.805873591964049e+59
5.023124656371709e+58
6.524465545414124e+57
8.37705069206336e+56
1.0755227916378903e+56
1.4138412174027977e+55
1.974525779085763e+54
3.0547691333098772e+53
5.333701536258968e+52
1.0300759976439391e+52
2.110867589955953e+51
4.423176045393274e+50
9.269297339286529e+49
1.9218128031793547e+49
3.9249940738639156e+48
