3.322433247601125e+71
5.44883088094536e+73
2.475872606118788e+74
5.734869664916639e+74
9.887857492145693e+74
1.4433305793575132e+75
1.8939296514313548e+75
2.3086835012935597e+75
2.6664071601780366e+75
2.957333739402685e+75
3.177076390283281e+75
3.3277884068383402e+75
3.4144070006490596e+75
3.4438145131724594e+75
3.4240344317058976e+75
3.3630929997126758e+75
3.268257987117549e+75
3.1479060995350874e+75
3.0069366136605326e+75
2.8521718476296685e+75
2.2073215140709594e+75
1.331845862649413e+75
7.32522131081317e+74
3.7842433776759987e+74
1.8683559873766495e+74
8.91189659976987e+73
4.137947486107197e+73
1.8795011532334005e+73
8.381008335796025e+72
3.678558182082875e+72
1.592777182035643e+72
6.813642540213571e+71
2.8831965877844073e+71
1.208257424023595e+71
5.019519360469372e+70
2.0704932779551523e+70
8.492046211905568e+69
3.471076087528861e+69
1.4179224592808143e+69
5.811445028908957e+68
2.4027526728390102e+68
1.0084994119483157e+68
4.328295233565713e+67
1.9110627075964993e+67
8.724620361706166e+66
4.122582204561298e+66
2.012239157843294e+66
1.0090290505459614e+66
5.165626467048223e+65
2.680822110835989e+65
