2.0953083500813828e+71
3.6847081946215086e+73
1.7196548287855913e+74
4.039526003300039e+74
7.0222850445426e+74
1.030541761612937e+75
1.3569572530375236e+75
1.6572609338977804e+75
1.9160529029829745e+75
2.1247500340386287e+75
2.2807446479002052e+75
2.385173183561496e+75
2.4418439922509877e+75
2.4561240809921093e+75
2.4339638664340555e+75
2.3817411022641663e+75
2.3053634617193533e+75
2.210167210101021e+75
2.1012275917124942e+75
1.982757171924612e+75
1.5016299346958051e+75
8.719106614878464e+74
4.59451011338455e+74
2.266778211209338e+74
1.0663639448008553e+74
4.838829528852215e+73
2.1349416463462993e+73
9.208198851265186e+72
3.898010164786439e+72
1.6240327779125494e+72
6.674889374439199e+71
2.710362736751334e+71
1.0886920238010204e+71
4.330302659773685e+70
1.7072503899972992e+70
6.678129015254808e+69
2.593035805475942e+69
1.0007956962115841e+69
3.84511789493231e+68
1.4726943421430472e+68
5.638523497201642e+67
2.1660547599683637e+67
8.387369552490017e+66
3.290961266461755e+66
1.3170131353838248e+66
5.409959152165617e+65
2.2916000037619233e+65
1.0034228588676298e+65
4.5347270370965505e+64
2.1069101361188394e+64
