6.135765276079659e+70
1.0047487600788479e+73
4.3366543138035444e+73
9.350422840819243e+73
1.4864352374240473e+74
1.9936373837773764e+74
2.400192788541624e+74
2.6833752832036715e+74
2.842476845254538e+74
2.892748336294823e+74
2.852128821933893e+74
2.742367061679479e+74
2.582533220985415e+74
2.391198995396744e+74
2.182097424203757e+74
1.9661102150687517e+74
1.752718972791198e+74
1.5474036943867955e+74
1.3548384075622056e+74
1.1770653498945278e+74
6.475024076082507e+73
2.292799128787798e+73
7.282336780061016e+72
2.144517379951006e+72
5.97740093788403e+71
1.5981201478312885e+71
4.137695636306715e+70
1.0440469116964532e+70
2.5789581910165215e+69
6.258760634860743e+68
1.4959074036975212e+68
3.528655947794379e+67
8.226552450578655e+66
1.898122711156262e+66
4.337155119845189e+65
9.824527739688655e+64
2.2068851932810402e+64
4.9201375044302945e+63
1.0881775933805308e+63
2.3907624521858405e+62
5.218500101435053e+61
1.1323035781694124e+61
2.444337487872932e+60
5.258972331143048e+59
1.1298223196929545e+59
2.4307158730074487e+58
5.264625080871423e+57
1.153592764664739e+57
2.5769702375753165e+56
5.91227576576347e+55
