9.853594409213436e+66
1.2556811216950191e+70
1.8705444920342324e+72
4.712557193247657e+72
7.639035727543852e+72
1.0262075421626507e+73
1.2385979801990644e+73
1.3943437957127216e+73
1.4947480828777742e+73
1.544872739474412e+73
1.552267276304069e+73
1.5249026194438547e+73
1.4706830091568698e+73
1.3966151103686507e+73
1.3090414955040607e+73
1.213291154086903e+73
1.1134635137954195e+73
1.0133479251866654e+73
9.151816369413856e+72
8.209862030119408e+72
5.1407909625476526e+72
2.2604363645722785e+72
9.097309178639129e+71
3.4522256103543823e+71
1.2568503316244062e+71
4.438235212892779e+70
1.530947169217014e+70
5.185249991754718e+69
1.7305755977809607e+69
5.705926429869438e+68
1.8626793683240394e+68
6.028723956495561e+67
1.9371617409760738e+67
6.185344556841596e+66
1.9643029880807435e+66
6.208062394205535e+65
1.9536961409094158e+65
6.125353389718346e+64
1.9139338088350806e+64
5.9621251728282406e+63
1.851970401565619e+63
5.7394585335329405e+62
1.7744864819891027e+62
5.474926822420806e+61
1.6858029260970554e+61
5.1823795106307415e+60
1.5903855630048064e+60
4.87343936815858e+59
1.4912685346690442e+59
4.557353909695475e+58
