0.0
1.8348055799004441e+71
4.9227720542860035e+72
1.1859702252469594e+73
1.8967326180182544e+73
2.564324616989992e+73
3.1515417467311295e+73
3.6404643017579494e+73
4.025943046697517e+73
4.3103106475620825e+73
4.500825745545499e+73
4.606986494928648e+73
4.639388293322888e+73
4.609007826913675e+73
4.526633110483416e+73
4.4020875524229716e+73
4.2443525333288745e+73
4.0615594021674655e+73
3.860882270388601e+73
3.648347682460204e+73
2.805463398553648e+73
1.7024422796773664e+73
9.514682083319111e+72
5.025140190707891e+72
2.5471909530960487e+72
1.2517824086048462e+72
6.005085061698888e+71
2.825740538026443e+71
1.3089161830618916e+71
5.984185995080064e+70
2.7059744671498456e+70
1.212019917877718e+70
5.3853349497016935e+69
2.375740264036602e+69
1.0415311269129409e+69
4.540168539793464e+68
1.9698362625214685e+68
8.507319572426953e+67
3.6589855847968785e+67
1.5683433437495574e+67
6.699280759884124e+66
2.852916735350544e+66
1.2115318254235183e+66
5.131644232942151e+65
2.1683605604315294e+65
9.142419177915786e+64
3.8466698519940264e+64
1.6153857950000914e+64
6.771154816381703e+63
2.8337961849644356e+63
