0.0
1.7045479497436511e+71
4.344208170234265e+72
1.0113005675840147e+73
1.5931517198950757e+73
2.1308815246640738e+73
2.5953578327676594e+73
2.973903140862453e+73
3.264061631409816e+73
3.469605341962777e+73
3.5977814411894404e+73
3.65772718561284e+73
3.6589320974213654e+73
3.61104337504651e+73
3.523389743808829e+73
3.4042026765709895e+73
3.260987374222814e+73
3.1003491651964654e+73
2.928082972116071e+73
2.748913413054817e+73
2.061265918046839e+73
1.203099749079998e+73
6.4634697707440426e+72
3.2807642895419334e+72
1.5983292845114484e+72
7.550811000057028e+71
3.4826874911111723e+71
1.5761190194995372e+71
7.022847805588528e+70
3.089321341936374e+70
1.3442246635607832e+70
5.7955199579456836e+69
2.4786139692438995e+69
1.0525889040452393e+69
4.443110319616731e+68
1.8649507692869984e+68
7.791620358405134e+67
3.240523680854815e+67
1.3423867883050475e+67
5.5405720889832085e+66
2.2794402675865058e+66
9.35054298719986e+65
3.824861741385459e+65
1.5605471741219233e+65
6.351130525020433e+64
2.5797971468393703e+64
1.0455445352102521e+64
4.230079236042706e+63
1.708199470489581e+63
6.885568909322605e+62
