0.0
1.8461085361964617e+71
4.8601232622076344e+72
1.1608039927814983e+73
1.849994307322215e+73
2.495147041217621e+73
3.060564772547353e+73
3.529412794937653e+73
3.8970163529494315e+73
4.1662390637312244e+73
4.344208131296953e+73
4.440621557372211e+73
4.465873989940969e+73
4.4308395290278536e+73
4.3459407339484465e+73
4.220951285885589e+73
4.064556007090199e+73
3.884585683955386e+73
3.687922379602089e+73
3.480486701933277e+73
2.6632976211652277e+73
1.604193486373991e+73
8.89867793369167e+72
4.664878200295496e+72
2.347290532649407e+72
1.1451974194310257e+72
5.454401762794745e+71
2.548383615018424e+71
1.1720396787706351e+71
5.321324058427954e+70
2.3895907355461225e+70
1.0629388734224927e+70
4.69030638270587e+69
2.0548671706113142e+69
8.946791213127722e+68
3.874080260129456e+68
1.6691669434070824e+68
7.15997332498626e+67
3.0591131763081137e+67
1.3021201717054445e+67
5.524738218171014e+66
2.3368021000171115e+66
9.85607402878667e+65
4.1464983334693787e+65
1.7402517991631421e+65
7.287789649514289e+64
3.045555060263799e+64
1.2703733701143637e+64
5.289625197463979e+63
2.1986699042582004e+63
