9.673924842743745e+65
6.696644711187833e+68
4.7612395217710796e+70
7.04494484005329e+70
6.839078615558594e+70
5.442620793036027e+70
3.853698959667606e+70
2.52752639610368e+70
1.5710603768018326e+70
9.389969214889734e+69
5.44619379780029e+69
3.085756042503693e+69
1.7159262657451026e+69
9.397045157554507e+68
5.081256053381536e+68
2.718700350999161e+68
1.4414520595225964e+68
7.583813085089597e+67
3.9629630070647145e+67
2.0587216487597736e+67
1.5960205048524404e+66
3.0091701106291757e+64
5.292583133906287e+62
8.897566898250373e+60
1.4487691789104812e+59
2.3033282303303535e+57
3.5951653326427597e+55
5.5276967963617086e+53
8.395368152682194e+51
1.2616784573305011e+50
1.879791961820412e+48
2.779229561469014e+46
4.0814141840083874e+44
5.959923710488619e+42
8.657434045092755e+40
1.2519470336193952e+39
1.8029674062595711e+37
2.5874090917259087e+35
3.7011678311580403e+33
5.279752965094388e+31
7.510993202352182e+29
1.0659790757294014e+28
1.5096722303990948e+26
2.1338990776829884e+24
3.0106988001140637e+22
4.2414764039139203e+20
5.966234887200049e+18
8.380865998211053e+16
1175954003319188.0
16478811742963.068
