8.704619880729007e+66
9.8989550324016e+69
1.4928642921294433e+72
3.682307459021085e+72
5.876306578940162e+72
7.766595875900321e+72
9.2117872565421e+72
1.0182614458976002e+73
1.0709441411364048e+73
1.0852385413927685e+73
1.0685593581786747e+73
1.0281209490690914e+73
9.707153086028006e+72
9.022942809015763e+72
8.275017706118709e+72
7.502403492006237e+72
6.73511874309317e+72
5.993455812872741e+72
5.2928204200958145e+72
4.641623321086335e+72
2.6645819963106868e+72
1.0257194887518725e+72
3.6155195460138736e+71
1.202322718410787e+71
3.8380772806425037e+70
1.1888655920529071e+70
3.599409251504284e+69
1.07011603641179e+69
3.136975355392382e+68
9.08574121491912e+67
2.6057792110259975e+67
7.411577164706652e+66
2.09309326165308e+66
5.874940353665749e+65
1.640234540703993e+65
4.558118169305782e+64
1.2614724032035236e+64
3.478304611763871e+63
9.559201148702205e+62
2.6192171775360975e+62
7.158281728303147e+61
1.951412584925768e+61
5.3084203045280034e+60
1.44109003844125e+60
3.9048637519335695e+59
1.056284650663194e+59
2.852906914101239e+58
7.693932446010888e+57
2.072095358983183e+57
5.573932393593104e+56
