2.4081851645464122e+66
1.6644985987086217e+69
1.566118300178333e+71
2.887502549787367e+71
3.4929859548214273e+71
3.4642042777606976e+71
3.0553062856729416e+71
2.4917419564187777e+71
1.9236708810505854e+71
1.4251727738567756e+71
1.0231259581717209e+71
7.163728967079808e+70
4.917227532901553e+70
3.319960641691278e+70
2.210990715222359e+70
1.4557071767904954e+70
9.490463616732974e+69
6.1348512602401255e+69
3.937044258876587e+69
2.5102380608865623e+69
4.255755569126566e+68
2.6079323927834884e+67
1.4817636187296514e+66
8.017617901473578e+64
4.193632202686434e+63
2.139928596218292e+62
1.0716016370404487e+61
5.287376931984691e+59
2.5782420653661504e+58
1.2449365077580461e+57
5.96197831421698e+55
2.8361464993191613e+54
1.3410139171263041e+53
6.307479581041883e+51
2.953569117836578e+50
1.3773338270314263e+49
6.400385940172587e+47
2.964470199892806e+46
1.3690012458193903e+45
6.304907556770663e+43
2.896752468598494e+42
1.3277468971907565e+41
6.074043108429373e+39
2.773178656966583e+38
1.2638491810736044e+37
5.750368220206239e+35
2.6121920053258547e+34
1.1849183933727126e+33
5.367849468248227e+31
2.4284156813862057e+30
