1.2005786987621699e+67
2.5774437311946494e+70
3.1734758086037194e+72
8.914956342786445e+72
1.512707207272806e+73
2.114195377804832e+73
2.6533507934967596e+73
3.108026870367771e+73
3.469562474275663e+73
3.7378520778752947e+73
3.9182352435717696e+73
4.0185303428917194e+73
4.0488738790370246e+73
4.019258147778184e+73
3.940133292557003e+73
3.8210703324015525e+73
3.6711836568709345e+73
3.4980473439960305e+73
3.3089156836002305e+73
3.109859852824854e+73
2.331931823092954e+73
1.350102563924182e+73
7.153876117819343e+72
3.5698449036446395e+72
1.7065509067709241e+72
7.901229663873609e+71
3.5693746107401576e+71
1.5814204216016647e+71
6.897329045174501e+70
2.969562960053527e+70
1.2647637784786019e+70
5.337388675374427e+69
2.234726453743878e+69
9.292817213478003e+68
3.841430782919108e+68
1.5795204159655312e+68
6.464284295366945e+67
2.6344264122645087e+67
1.0695535043724367e+67
4.327205410498492e+66
1.745456504526554e+66
7.020338799187539e+65
2.8162880491484403e+65
1.1270927615145256e+65
4.500549413560096e+64
1.7934628880279004e+64
7.133251456160589e+63
2.832061364123727e+63
1.1226149186178169e+63
4.4427868563927245e+62
