6.421460972577181e+66
6.122216472228348e+69
8.624058993270831e+71
2.0069761821053593e+72
3.0518699511751207e+72
3.837395297010587e+72
4.3205500824494195e+72
4.523655692710046e+72
4.498362968934872e+72
4.30374227804056e+72
3.996411833624678e+72
3.6225900630044775e+72
3.2202275945886875e+72
2.8158986887760946e+72
2.4285078756202515e+72
2.0697064483625077e+72
1.7458730661604487e+72
1.4596976891273681e+72
1.2109769081302818e+72
9.975554942069754e+71
4.501231543401331e+71
1.20369226151369e+71
2.953204977904896e+70
6.849115734620358e+69
1.5274005493257234e+69
3.309701818651014e+68
7.016563913354439e+67
1.4622068564203683e+67
3.0057894356721345e+66
6.109622032887602e+65
1.2302891212916155e+65
2.4579988440775618e+64
4.8776435964881574e+63
9.624190774638145e+62
1.8894128397761215e+62
3.6929270773054645e+61
7.190005196199737e+60
1.3949795764003032e+60
2.698293115875185e+59
5.204348984909033e+58
1.0014559473135986e+58
1.9226018879857882e+57
3.6832093762545965e+56
7.043537911999991e+55
1.3445736117292973e+55
2.5626661444328198e+54
4.8771459495473516e+53
9.269960331022602e+52
1.7596654424732114e+52
3.336512804893778e+51
