0.0
1.159392696770086e+71
4.684707394464442e+72
1.3113316626636209e+73
2.2128334206892845e+73
3.0937507396895977e+73
3.8984681235426686e+73
4.596475121171066e+73
5.1739396216372954e+73
5.628235492589027e+73
5.963372038926005e+73
6.187568929237645e+73
6.312009867726357e+73
6.348513176941519e+73
6.309017176510143e+73
6.20594562898437e+73
6.050419902962597e+73
5.852996720162289e+73
5.6231385375725334e+73
5.3691803214147453e+73
4.2908035512088664e+73
2.752280536996327e+73
1.6225313116922543e+73
9.027573726160736e+72
4.816393975859951e+72
2.489723602210976e+72
1.2557625774728787e+72
6.210886351156607e+71
3.02314653043675e+71
1.452190750916567e+71
6.898439037134121e+70
3.2459925110391096e+70
1.5149133543033182e+70
7.020061663138416e+69
3.2324596352121365e+69
1.480214462581466e+69
6.744154721331193e+68
3.059392494755732e+68
1.382209392058083e+68
6.221809664963343e+67
2.791350003350655e+67
1.2485067560189702e+67
5.568657540210167e+66
2.4773070004801515e+66
1.099449760055284e+66
4.868631251116049e+65
2.1515124343029207e+65
9.489383598388544e+64
4.1776584198932695e+64
1.836070876417522e+64
