0.0
1.755048950829972e+71
3.944612644462911e+72
8.97317999047501e+72
1.3983536220772107e+73
1.8546163572692196e+73
2.2418410111733133e+73
2.5505730796908134e+73
2.780079958193276e+73
2.9350260035620745e+73
3.022976498960465e+73
3.0527816748053974e+73
3.033428562426013e+73
2.97391258094877e+73
2.8824666656427896e+73
2.7664091637840516e+73
2.6324070225967623e+73
2.4860650029343257e+73
2.332217429637801e+73
2.1748393245724186e+73
1.5886832710566263e+73
8.904945867871383e+72
4.591173752362965e+72
2.2354599477143657e+72
1.044553097858357e+72
4.732479054877577e+71
2.09357480083206e+71
9.08704895549876e+70
3.884012828661491e+70
1.639055683447034e+70
6.842771421480615e+69
2.8306574590238042e+69
1.1616589565739418e+69
4.734251868880534e+68
1.9179504421187804e+68
7.726769126063353e+67
3.098515217184297e+67
1.2369229103993605e+67
4.919470360619676e+66
1.949427654334383e+66
7.700026812702988e+65
3.032388949029511e+65
1.190852761915699e+65
4.665329105131495e+64
1.8232525484269316e+64
7.11127083842606e+63
2.767371525919122e+63
1.0750526741426676e+63
4.1690264778270585e+62
1.6141240709140053e+62
