0.0
1.7971776896205659e+71
5.040631218218897e+72
1.2435497314499163e+73
2.0074331089186353e+73
2.7309308948662828e+73
3.3727565845150956e+73
3.912589475111891e+73
4.343540421277637e+73
4.6670165666886856e+73
4.889811097172381e+73
5.0214217734476434e+73
5.072869679524222e+73
5.0553749961273333e+73
4.9802413325363295e+73
4.857804989616218e+73
4.69786104706468e+73
4.509087949582639e+73
4.2990091121324277e+73
4.074439587519026e+73
3.168927889310561e+73
1.9563487935866396e+73
1.1122405255377886e+73
5.974802105218048e+72
3.079998794552322e+72
1.5390489321140062e+72
7.506060375515025e+71
3.5904024217290466e+71
1.6906092878490012e+71
7.855742800379754e+70
3.6102879200773157e+70
1.6434929917132592e+70
7.421259267299944e+69
3.3272251029270734e+69
1.4824008006131732e+69
6.567770546217381e+68
2.8956311062069133e+68
1.2709101953469362e+68
5.55590810781278e+67
2.420010980175464e+67
1.0505777164680495e+67
4.547167974536041e+66
1.962504421233769e+66
8.449549459996254e+65
3.6289578444172344e+65
1.5552068582553404e+65
6.651121947548716e+64
2.839133779508184e+64
1.209759516256477e+64
5.1462907737715164e+63
