0.0
8.628438605867652e+70
4.355135278580544e+72
1.2580559519582944e+73
2.144046212525753e+73
3.0138571088650125e+73
3.811097578770643e+73
4.5041022419550113e+73
5.078312460069137e+73
5.530360667971685e+73
5.863921941703168e+73
6.087270665030011e+73
6.210898421883353e+73
6.24634969261526e+73
6.206309043313543e+73
6.10250439880314e+73
5.946615195045421e+73
5.74898436291963e+73
5.518814978606874e+73
5.2650207761544174e+73
4.19021109404163e+73
2.6665836829125667e+73
1.5575162157213228e+73
8.57873508186548e+72
4.528038147335743e+72
2.314623543980002e+72
1.1540564411817377e+72
5.640736585794292e+71
2.7125341222438445e+71
1.2870548697082333e+71
6.037702638045946e+70
2.805339911922748e+70
1.2924547259013919e+70
5.912028883918608e+69
2.6868360094277932e+69
1.214192923930664e+69
5.459186846744747e+68
2.4436535206383414e+68
1.0892872309806627e+68
4.837723064970683e+67
2.1412083697767175e+67
9.448186744723493e+66
4.157252304842018e+66
1.8244218755902225e+66
7.986915217090418e+65
3.4887552562730674e+65
1.520835686119907e+65
6.615706916361152e+64
2.8730318170532075e+64
1.2457025796699745e+64
