1.191189796271756e+67
1.891287658917676e+70
2.678122823945474e+72
7.085629014580316e+72
1.179143934237695e+73
1.6240985481937664e+73
2.0110023149065024e+73
2.3247128447706333e+73
2.5611942040724896e+73
2.722932009681522e+73
2.816436865280068e+73
2.849887283414943e+73
2.8323436047984143e+73
2.7735889242733823e+73
2.681383038039323e+73
2.5647634781366448e+73
2.429730803037284e+73
2.28287312102373e+73
2.1291462286744696e+73
1.9731238690978023e+73
1.4010013087048196e+73
7.466621563283744e+72
3.64375791894442e+72
1.6757869082934315e+72
7.389678098441928e+71
3.1583078906945924e+71
1.317950546993588e+71
5.3971728260417134e+70
2.1769429655110898e+70
8.672607457759242e+69
3.419235819426658e+69
1.3363768367883833e+69
5.183988342700617e+68
1.9980716569051984e+68
7.657559481276572e+67
2.9205034415458626e+67
1.1089823804815163e+67
4.194336950507731e+66
1.5811703772637665e+66
5.941464120511376e+65
2.22619916892634e+65
8.320858298848851e+64
3.102739944047148e+64
1.1544626387629588e+64
4.28731585768098e+63
1.5892992475302391e+63
5.881493948205452e+62
2.173264433111794e+62
8.019638861482376e+61
2.9552132827982087e+61
