7.103844173322842e+66
7.849135825471366e+69
1.1598271523826789e+72
2.779472287817034e+72
4.338604303493034e+72
5.608611569524042e+72
6.502113330517405e+72
7.019852047276751e+72
7.205415064532442e+72
7.122720358301342e+72
6.8376426154285e+72
6.41181449659093e+72
5.897231339662165e+72
5.339295561447894e+72
4.768338417289875e+72
4.208940786529405e+72
3.678027471471903e+72
3.185456131156602e+72
2.737730382601429e+72
2.3370438928177577e+72
1.208207904197141e+72
3.969277136939019e+71
1.1949821679114384e+71
3.39689185487107e+70
9.277541712750371e+69
2.460248053063303e+69
6.379644711369771e+68
1.6255127407919244e+68
4.083791814451435e+67
1.014203702909259e+67
2.494731492776887e+66
6.086755849536416e+65
1.47490739236315e+65
3.5528648674202674e+64
8.513411830015354e+63
2.0309346978047885e+63
4.825322524258337e+62
1.1424002038575799e+62
2.695963310951543e+61
6.3442124685774754e+60
1.4890613181031892e+60
3.486752486006732e+59
8.147200246975827e+58
1.90004034100189e+58
4.423050930862617e+57
1.0279705517303128e+57
2.385391027322904e+56
5.527766115921755e+55
1.2791294921000044e+55
2.9570989467724517e+54
