0.0
5.166052170761572e+68
8.089716626094294e+70
3.1867364298054915e+71
5.002009789999812e+71
6.067964812825161e+71
6.394885238758125e+71
6.150477272571201e+71
5.544081023458331e+71
4.760949503122924e+71
3.938096537574112e+71
3.1615509321610263e+71
2.4772936966916582e+71
1.9027176732476053e+71
1.4370516291633429e+71
1.0701728106004938e+71
7.870718698731021e+70
5.730016932490856e+70
4.135237777683555e+70
2.960414762468571e+70
7.736237477147349e+69
8.943289028589387e+68
9.445755363476413e+67
9.411946896952076e+66
9.008849096057862e+65
8.374807335627455e+64
7.611147312398228e+63
6.7941435352654325e+62
5.975741214969154e+61
5.191021051081817e+60
4.46270044087943e+59
3.8036964932396264e+58
3.21374423195739e+57
2.698933071243665e+56
2.2517270731039136e+55
1.8681094433679067e+54
1.5432515946795578e+53
1.268787057154164e+52
1.03893494558437e+51
8.478816552914881e+49
6.895767968634553e+48
5.591715722103052e+47
4.5211151573794543e+46
3.6461162859698907e+45
2.933659807612232e+44
2.3551934941321373e+43
1.8868774784899843e+42
1.5088085779759736e+41
1.204314556367888e+40
9.597006639834498e+38
