0.0
1.8598382783534721e+71
3.7097795953756054e+72
8.308175780486992e+72
1.2848553137324995e+73
1.6935649533153646e+73
2.0355869388820978e+73
2.3031804454907232e+73
2.4969622986442115e+73
2.622108566902037e+73
2.6864709781462818e+73
2.698629635455385e+73
2.6675100876898067e+73
2.60141813528994e+73
2.5081375050794542e+73
2.394502990524044e+73
2.266464550607201e+73
2.129130881464127e+73
1.9867599891918493e+73
1.8427973485018557e+73
1.3185599930553054e+73
7.158621608239755e+72
3.573301492280709e+72
1.6840879996042812e+72
7.615906683309501e+71
3.33947297157879e+71
1.4298063849062775e+71
6.006985452759087e+70
2.485035928088781e+70
1.015055036414629e+70
4.102517689411251e+69
1.642959839373418e+69
6.5281120312173485e+68
2.575997084276313e+68
1.0104312136362202e+68
3.942176997819564e+67
1.5306095125617643e+67
5.917669076406476e+66
2.279297528974686e+66
8.747692423097864e+65
3.3463277435096716e+65
1.2764251488600835e+65
4.8549345567675605e+64
1.8422934878960107e+64
6.97468462320721e+63
2.6344899903102345e+63
9.933672626074675e+62
3.7380426609935273e+62
1.4041783357963176e+62
5.266392161728317e+61
