0.0
1.8576824089625577e+71
4.7865208440013254e+72
1.1332544858267089e+73
1.799557909426691e+73
2.420969968137587e+73
2.96346520705561e+73
3.4111524813415195e+73
3.760109063883206e+73
4.0135351641427455e+73
4.178617667992395e+73
4.2648849889312753e+73
4.282884993532717e+73
4.2433068108966234e+73
4.1560781875737306e+73
4.030810047789967e+73
3.876028839643312e+73
3.699236524737914e+73
3.507056477760501e+73
3.305172308956494e+73
2.515679825159161e+73
1.502825123125782e+73
8.268197632764602e+72
4.298847469362977e+72
2.1455374567123877e+72
1.0383004234204402e+72
4.905714498092812e+71
2.27388778653591e+71
1.0376385105652572e+71
4.6740577165253434e+70
2.082419596408036e+70
9.192127847429263e+69
4.024298558295995e+69
1.7498822461305176e+69
7.560389070067465e+68
3.2487410794803386e+68
1.3890306669977987e+68
5.913474790937799e+67
2.5075464658226694e+67
1.059266681771055e+67
4.4608187886466265e+66
1.8728167404479362e+66
7.840280493274523e+65
3.2738563875043137e+65
1.3636981738853365e+65
5.669315498969387e+64
2.351619165661618e+64
9.736729632292724e+63
4.0241600441470295e+63
1.6602806231316883e+63
