0.0
1.8094977000884082e+71
5.0097369779487115e+72
1.226065155193561e+73
1.973074681959472e+73
2.6786905463250342e+73
3.3030174241885833e+73
3.826472099162464e+73
4.24263955793779e+73
4.5535824909670956e+73
4.7658662786157485e+73
4.889220716351925e+73
4.93439008297437e+73
4.912681759610904e+73
4.835208020338064e+73
4.711908378570762e+73
4.552617282583449e+73
4.3656454036327816e+73
4.158558640749665e+73
3.937800687538516e+73
3.0522299891048805e+73
1.8747454194043445e+73
1.0605274116703256e+73
5.669061576246828e+72
2.9083348988008777e+72
1.446443771693548e+72
7.021380452992244e+71
3.3431791182836394e+71
1.5669553463959646e+71
7.24792502179018e+70
3.316099694020074e+70
1.502858222604005e+70
6.755855743992836e+69
3.0154023177231018e+69
1.3374535960996686e+69
5.899726788627088e+68
2.589560882510098e+68
1.1315651479418936e+68
4.924700965901654e+67
2.1357895781549363e+67
9.230105870812811e+66
3.977757360147644e+66
1.7093477475649937e+66
7.326341872911692e+65
3.13267196750851e+65
1.3365999779468659e+65
5.691176440162721e+64
2.4186127932042176e+64
1.0259750255699155e+64
4.345354844547974e+63
