0.0
1.6087523897397073e+71
1.3523244599666927e+72
2.759865101038703e+72
3.9639098433201816e+72
4.847357744243324e+72
5.387671499253362e+72
5.618780399923896e+72
5.5991697700590584e+72
5.392561931865821e+72
5.057938463448393e+72
4.644890163141347e+72
4.192614548262575e+72
3.730451442996549e+72
3.279211548227103e+72
2.852747293162884e+72
2.4593886507956408e+72
2.1035309441043496e+72
1.786566415679228e+72
1.5079023792625234e+72
7.496100605678517e+71
2.332096753476731e+71
6.642863621706337e+70
1.780209170747869e+70
4.562725943631067e+69
1.1306192010674176e+69
2.728730469395528e+68
6.448272805332325e+67
1.4977130672760033e+67
3.429557760432718e+66
7.758884065335725e+65
1.737369229661782e+65
3.856309937530674e+64
8.493458477088433e+63
1.858119457311479e+63
4.040925327760284e+62
8.740668160856404e+61
1.881782485281227e+61
4.033975680068498e+60
8.614919409663473e+59
1.83315839446678e+59
3.888896881470742e+58
8.224571366648164e+57
1.7348286697931802e+57
3.6499626153739263e+56
7.660720388910272e+55
1.6048844906009976e+55
3.355072665511422e+54
6.999942207227043e+53
1.4579590519530642e+53
