0.0
1.8195034208157365e+71
4.550234207660163e+72
1.0616433777793354e+73
1.67491526710139e+73
2.2429001436039947e+73
2.734786671666338e+73
3.1369723170183336e+73
3.4466146723845176e+73
3.6672921541592454e+73
3.806620822257868e+73
3.8737787366644034e+73
3.8788575069577065e+73
3.831925604761455e+73
3.7424962369958765e+73
3.619443910921312e+73
3.470611686261341e+73
3.3029957084652636e+73
3.122548306469461e+73
2.934481439963986e+73
2.2091666514016107e+73
1.2975729073528272e+73
7.017174121900453e+72
3.586064982003621e+72
1.7591449159509525e+72
8.3682400429183e+71
3.886743060712801e+71
1.7711748455634749e+71
7.946877509384867e+70
3.520006197999602e+70
1.5423031369175593e+70
6.695550154054521e+69
2.8833010578714584e+69
1.2328842359691312e+69
5.240210237038941e+68
2.214738575542066e+68
9.31634842976136e+67
3.901427940610831e+67
1.6271449891457028e+67
6.763305901271169e+66
2.8016350090898957e+66
1.1570370911291861e+66
4.765424743631587e+65
1.9575875785566627e+65
8.02296287401087e+64
3.2808972131116856e+64
1.3387464897044207e+64
5.453436510351456e+63
2.2172124740514428e+63
9.000493507005802e+62
