0.0
1.943257316882675e+71
2.414349922196861e+72
5.15662842713499e+72
7.733916049090179e+72
9.905488089537549e+72
1.1567806065580797e+73
1.2710134529757583e+73
1.3373477646745482e+73
1.3623909757627556e+73
1.3535008614198104e+73
1.3179756489197244e+73
1.2624733387733175e+73
1.192824171834682e+73
1.1139671477093213e+73
1.0299184122272448e+73
9.438866292608243e+72
8.583891585979562e+72
7.752953646089551e+72
6.959150262072076e+72
4.3848667386902415e+72
1.9560217712829136e+72
7.996710860717661e+71
3.0796646713598953e+71
1.1360807960674413e+71
4.058182653974652e+70
1.4140414622227878e+70
4.8309635268104195e+69
1.6243242115481437e+69
5.389614220353977e+68
1.7688596373446133e+68
5.750611085320827e+67
1.8546109898915635e+67
5.938989455356583e+66
1.890208899821881e+66
5.983012073908017e+65
1.8844629869188497e+65
5.909922207400193e+64
1.8464305855071925e+64
5.747922496590731e+63
1.7832218057245966e+63
5.5170732786150455e+62
1.702097625940298e+62
5.237853054372783e+61
1.6081461790613057e+61
4.9268752504566256e+60
1.5063309184043916e+60
4.5965924314494e+59
1.4005098957600978e+59
4.25948294875579e+58
