0.0
1.9054040257916376e+71
2.9149185766353686e+72
6.355463499699167e+72
9.668780451111529e+72
1.2555437176339689e+73
1.486962530793983e+73
1.657526327206745e+73
1.7700110760591863e+73
1.8305491052189343e+73
1.846682056669711e+73
1.826320855612233e+73
1.7770780042407647e+73
1.7058775909980433e+73
1.6187283324197603e+73
1.5208526165421357e+73
1.416546300476725e+73
1.3093400149516387e+73
1.202076876257587e+73
1.0969125513653924e+73
7.36612709761111e+72
3.625468926628525e+72
1.6377739929649212e+72
6.977508040074905e+71
2.850154205501466e+71
1.1282027411666673e+71
4.3590415606237026e+70
1.6522854940962234e+70
6.166450966788867e+69
2.272012340443815e+69
8.281952448173191e+68
2.991565578122721e+68
1.0721260019398341e+68
3.815603902048385e+67
1.3500796522915365e+67
4.751498859614608e+66
1.66411396657101e+66
5.804493483267481e+65
2.0167365114179954e+65
6.98273121298107e+64
2.409990483031991e+64
8.293584388142293e+63
2.8464858967960193e+63
9.744104685588547e+62
3.3285905195806497e+62
1.13466835200225e+62
3.860393152575981e+61
1.3108428633018813e+61
4.443339774231951e+60
1.5039418648654287e+60
