0.0
6.700467123661701e+70
4.062062186480771e+72
1.1955404359893498e+73
2.04946605301276e+73
2.8894614646967505e+73
3.6594051499893614e+73
4.3282197565124404e+73
4.881262780782349e+73
5.315069377185663e+73
5.633002131530547e+73
5.843550488698877e+73
5.956758754563413e+73
5.984612065495462e+73
5.938909775321065e+73
5.831793994126901e+73
5.674150888141238e+73
5.476574832956765e+73
5.2484374107599354e+73
4.9982199108946605e+73
3.9474692924758336e+73
2.4787120379112643e+73
1.426725431465549e+73
7.737241257653148e+72
4.019189323764836e+72
2.0212292955629628e+72
9.912381049651444e+71
4.764668012016516e+71
2.2532127079572173e+71
1.0513006665330914e+71
4.849408794261531e+70
2.215454296171238e+70
1.003754112218431e+70
4.5147465966136825e+69
2.0177870462867806e+69
8.967160552171863e+68
3.9652740906257607e+68
1.7455300526860152e+68
7.652963660834286e+67
3.342999035064651e+67
1.4554593178547693e+67
6.317490116279079e+66
2.7343054833449862e+66
1.1805422824492004e+66
5.084609636982244e+65
2.1850861641590084e+65
9.371768879919609e+64
4.011789465642848e+64
1.7143134796431337e+64
7.312948583944746e+63
