0.0
1.7746515702069517e+71
5.094813999743173e+72
1.2743366700976299e+73
2.0680392783366675e+73
2.8230605267459943e+73
3.495776422093271e+73
4.0642536245345604e+73
4.5207770691529014e+73
4.8662331381816804e+73
5.1073293263956266e+73
5.2533656330830085e+73
5.31545706385775e+73
5.305405252201161e+73
5.2343538372991004e+73
5.11318418197734e+73
4.952192464094107e+73
4.760073218299481e+73
4.5449285372279126e+73
4.3136813993874225e+73
3.373393423438818e+73
2.0997054032342643e+73
1.2034326080328554e+73
6.516238577280365e+72
3.3854926707285554e+72
1.7047973226311886e+72
8.378257757382404e+71
4.0379536784576485e+71
1.915591562623452e+71
8.967779141138794e+70
4.152018618177844e+70
1.9041733457046087e+70
8.661376230527096e+69
3.911703142860551e+69
1.755584244563422e+69
7.835380506570098e+68
3.479547990551702e+68
1.5383218061980975e+68
6.773848222923932e+67
2.972059026493034e+67
1.2995967411427673e+67
5.66534402938306e+66
2.4632119780543015e+66
1.0681147626004071e+66
4.620707726088823e+65
1.994364055724944e+65
8.590707434317035e+64
3.69405381094664e+64
1.5853556670751252e+64
6.792685119270744e+63
