4.175946192472584e+65
2.9263615891228038e+68
1.0445649394395499e+70
1.0278722527368459e+70
6.653031776413734e+69
3.548914065059206e+69
1.6947844474170804e+69
7.546873867769941e+68
3.2035821065941445e+68
1.3139383133942117e+68
5.251678743169449e+67
2.057419672238464e+67
7.932591926649792e+66
3.0189069542995174e+66
1.1365603336509947e+66
4.240192158372475e+65
1.5696144340820526e+65
5.771512710301683e+64
2.109664434400785e+64
7.671792594976575e+63
1.5195231519450127e+62
3.6357476078556833e+59
8.120210553592297e+56
1.7286433903136676e+54
3.5521319400271074e+51
7.104012996057199e+48
1.390860472017773e+46
2.6771919731604257e+43
5.08314847814056e+40
9.543033657093152e+37
1.7749787933308622e+35
3.2762392816452655e+32
6.008004588586284e+29
1.0957834089995705e+27
1.9892525539925171e+24
3.5973074090478923e+21
6.483401100972645e+18
1.1651755424343372e+16
20888287000558.547
37367530147.88386
66723262.773947485
118974.80938579411
211.82438761790394
0.37671099436063143
0.0006692596901701504
1.187960856674723e-06
2.1071519242881523e-09
3.7345158208720025e-12
6.615275276450916e-15
1.171188998765234e-17
