0.0
1.3362535108208408e+71
8.825763877810397e+71
1.7571994740072429e+72
2.4444406986526617e+72
2.8829551874970044e+72
3.0795594060786194e+72
3.0779641006049237e+72
2.9330155164382366e+72
2.6965343439804556e+72
2.4113083859334273e+72
2.1091867421654417e+72
1.81225898664501e+72
1.5343413610486067e+72
1.2831205042145801e+72
1.061875759060887e+72
8.709194523772728e+71
7.0875621849455e+71
5.728691554404713e+71
4.602581043828174e+71
1.8983566934324793e+71
4.480560876703497e+70
9.741449242491373e+69
1.999515825056751e+69
3.9330954299708754e+68
7.487429752872322e+67
1.3891719222510517e+67
2.5246034001850236e+66
4.51087088559093e+65
7.946923783342555e+64
1.3834113939098872e+64
2.3839149826566575e+63
4.0720295816299385e+62
6.902464256029929e+61
1.1621991075040037e+61
1.9454402326600194e+60
3.23907607986422e+59
5.367803788867942e+58
8.85663747280549e+57
1.4558553543462605e+57
2.3847367865100796e+56
3.89310172351631e+55
6.33795769155586e+54
1.0291317222609138e+54
1.6664985476532382e+53
2.6930181967956293e+52
4.342086879970909e+51
6.98698753940581e+50
1.1222059126096128e+50
1.7993290318131363e+49
