0.0
1.8250462154021948e+71
1.882912137057267e+72
3.9325640624859555e+72
5.7890528063200456e+72
7.273652336057774e+72
8.324679574924915e+72
8.95619970755709e+72
9.220409877846206e+72
9.184743360544332e+72
8.918146508868022e+72
8.484029256916553e+72
7.93714641267411e+72
7.322361725325173e+72
6.675672442611242e+72
6.024209147083026e+72
5.388105404985439e+72
4.7814296314824966e+72
4.2135673035542586e+72
3.690022927553217e+72
2.113267685822108e+72
8.14253598972316e+71
2.8707581455190096e+71
9.521060125944094e+70
3.0208429371960397e+70
9.269795223296209e+69
2.7717592255748697e+69
8.118508436471873e+68
2.338203724171041e+68
6.641091216225524e+67
1.8642252370734704e+67
5.181283386855205e+66
1.4276105969751073e+66
3.904146864937397e+65
1.0607953428866492e+65
2.865373271260629e+64
7.699926071112225e+63
2.0595492686376563e+63
5.485508763736715e+62
1.4555886511484553e+62
3.8491957494090295e+61
1.0146332797835574e+61
2.666617309558542e+60
6.9904138953171055e+59
1.8278453472719253e+59
4.768495301631452e+58
1.2412812366626986e+58
3.2249941560657586e+57
8.362762841893476e+56
2.165322508074054e+56
