0.0
1.819305367572543e+71
4.971347516353588e+72
1.2073219294698834e+73
1.9370120008443143e+73
2.62440912246161e+73
3.2309357617681295e+73
3.737799296606021e+73
4.139176312330552e+73
4.437347494684532e+73
4.6392349185638347e+73
4.754186277048287e+73
4.7932331045833026e+73
4.7673545078795915e+73
4.687448615985567e+73
4.563488918383599e+73
4.404829639008002e+73
4.2199512178861423e+73
4.015957441763789e+73
3.799011750212901e+73
2.933988654211796e+73
1.792165922624077e+73
1.0082253750398286e+73
5.3601631172745056e+72
2.7349602257793313e+72
1.3528778157722356e+72
6.532437776547601e+71
3.093830291059834e+71
1.4423824008679597e+71
6.63729106977397e+70
3.0205998024191365e+70
1.361795633508074e+70
6.089590692986592e+69
2.7037918495117685e+69
1.1930178509779527e+69
5.234820314657781e+68
2.285732761101191e+68
9.935932829104156e+67
4.301533688541773e+67
1.8555768110773815e+67
7.977923204421768e+66
3.419744167864105e+66
1.4617132368011823e+66
6.23204002546732e+65
2.6506258185867673e+65
1.124883993115198e+65
4.763629238961784e+64
2.0138643721898004e+64
8.496907304904559e+63
3.579507921823486e+63
