4.267514148687189e+66
3.404922704464683e+69
4.160126786946575e+71
8.870029274795584e+71
1.2416416352141212e+72
1.4321522442342074e+72
1.4739210381933234e+72
1.4066675501932894e+72
1.2721953984758694e+72
1.1052154765526724e+72
9.305982692826806e+71
7.643808152027878e+71
6.152564629151037e+71
4.869403298409428e+71
3.80038350367567e+71
2.930675710311925e+71
2.236807807592397e+71
1.692208789924474e+71
1.2703235969266735e+71
9.470736806095348e+70
2.91680580229051e+70
4.389892102963334e+69
6.089402833765648e+68
8.009236525636638e+67
1.0155973353707839e+67
1.2534745241034221e+66
1.5157753515295935e+65
1.803960794486573e+64
2.1194679804345205e+63
2.4642994528031573e+62
2.840206571697164e+61
3.249255573986293e+60
3.694782043438595e+59
4.178297657172432e+58
4.702814227541251e+57
5.271183824263132e+56
5.887501455790953e+55
6.55392715482941e+54
7.274932476135149e+53
8.054490651954252e+52
8.896122435723367e+51
9.805614491621346e+50
1.0786440610911353e+50
1.1843956029255504e+49
1.2984623432479754e+48
1.4213664205646975e+47
1.5537342663098007e+46
1.6962436217530382e+45
1.8496224623258817e+44
2.0145743740282082e+43
