1.08819053815636e+67
1.5014939514907992e+70
2.2691630299603786e+72
5.8563430025417215e+72
9.630186961304292e+72
1.3118068001700449e+73
1.6060022808473383e+73
1.8348828278183826e+73
1.997171749646034e+73
2.0969406973424705e+73
2.1411970819272866e+73
2.1382797758602055e+73
2.0969659405237882e+73
2.0254960471560805e+73
1.931386000977749e+73
1.8214698937411488e+73
1.7013398991250387e+73
1.5758412901587548e+73
1.4487083810386777e+73
1.3230464212174744e+73
8.879282548269482e+72
4.339375144249251e+72
1.9411686368251e+72
8.185809799640404e+71
3.310180846508878e+71
1.2977789684904495e+71
4.969156030535135e+70
1.867498984067317e+70
6.914213056608603e+69
2.5286249028103126e+69
9.153716132301916e+68
3.2851757092357995e+68
1.1702721840815866e+68
4.1427227075816187e+67
1.4583533203538694e+67
5.108774892761059e+66
1.781918552594141e+66
6.191773412229896e+65
2.1440470370184384e+65
7.401387844719e+64
2.547890767165371e+64
8.749262364922082e+63
2.9973656729649297e+63
1.0246903927635882e+63
3.4962110853893205e+62
1.190758590117686e+62
4.0489086724090566e+61
1.374451025762498e+61
4.660458147533768e+60
1.5779108493419417e+60
