4.1916466105560285e+66
4.310794071895923e+70
3.6348757921502684e+72
1.0685906167498443e+73
1.8335114081011398e+73
2.5835544880187326e+73
3.2671120644166786e+73
3.8557535509353256e+73
4.33689956798993e+73
4.7078350633205936e+73
4.97305970824406e+73
5.14031467529232e+73
5.220092384283178e+73
5.223345842209725e+73
5.161995356718617e+73
5.046619603414618e+73
4.8885246319166564e+73
4.696536457086668e+73
4.47953209881696e+73
4.245314416042661e+73
3.2882406477388033e+73
2.0012850352863503e+73
1.11515899876781e+73
5.852103763162215e+72
2.9419085096530955e+72
1.4319347861191313e+72
6.798803764843817e+71
3.165000797740155e+71
1.4501562443150938e+71
6.557330646463408e+70
2.932566994272753e+70
1.2992452999831826e+70
5.709922302600564e+69
2.4919710416606877e+69
1.0809126363320565e+69
4.662945338283723e+68
2.0018884910865054e+68
8.557709813382983e+67
3.643951646772811e+67
1.546174645983758e+67
6.540206049784413e+66
2.75806943286042e+66
1.1599093553412011e+66
4.867211859069356e+65
2.0375082128875064e+65
8.511113515305983e+64
3.548374720340443e+64
1.4765097213236278e+64
6.1343240853867474e+63
2.5445479976355693e+63
