1.0984518953571483e+67
2.903883857870273e+70
3.3150894592971303e+72
9.503044922741121e+72
1.621206601271527e+73
2.2744751948180905e+73
2.8640194966409795e+73
3.365672595401215e+73
3.768852393604787e+73
4.072951105280454e+73
4.282489383746864e+73
4.405856754993767e+73
4.4528983976790793e+73
4.4340493933091303e+73
4.360392952910256e+73
4.242015394464034e+73
4.088378531900328e+73
3.907884672070599e+73
3.708425915360726e+73
3.4962310633393865e+73
2.6540336636764285e+73
1.5654793102362753e+73
8.451870598857727e+72
4.296910016224648e+72
2.092731867888135e+72
9.8703560885568e+71
4.54208658553066e+71
2.0496927315477353e+71
9.105041798991064e+70
3.99249465377672e+70
1.7316486175633285e+70
7.44207867453261e+69
3.1728643729705095e+69
1.3435000430971072e+69
5.654486846678992e+68
2.367132253201421e+68
9.86278301171176e+67
4.0919026660989467e+67
1.6911881271576785e+67
6.965731265398326e+66
2.8598791052553124e+66
1.170829065031271e+66
4.780739967019655e+65
1.9473857444764118e+65
7.914038581592095e+64
3.2099369476903784e+64
1.2993671161475152e+64
5.250324450872189e+63
2.117858363861782e+63
8.52986227782858e+62
