0.0
1.7079695985352006e+71
4.158789141609858e+72
9.586496550194813e+72
1.5033375305154606e+73
2.0037025154149327e+73
2.4328740407928867e+73
2.7796108761683997e+73
3.042231569460178e+73
3.22482446409144e+73
3.3348872981577826e+73
3.38122086341703e+73
3.37324202476296e+73
3.320225001939694e+73
3.230915470489369e+73
3.1131886492157665e+73
2.974256284427773e+73
2.82016875732748e+73
2.6562429678757703e+73
2.487000244468673e+73
1.8452872458715827e+73
1.0595909949957633e+73
5.598500508477686e+72
2.794184954495615e+72
1.3383840625543388e+72
6.21620822937503e+71
2.8189956406032523e+71
1.2542820382062667e+71
5.4953413480974314e+70
2.3768395175350835e+70
1.0168857801297506e+70
4.311335170243659e+69
1.8131991717445445e+69
7.572482934718838e+68
3.1432050674900133e+68
1.2976859951197724e+68
5.3311778996923726e+67
2.180455210947073e+67
8.884237062969059e+66
3.606572353728732e+66
1.4592252442974297e+66
5.887531791852868e+65
2.3688560282493106e+65
9.505082171102305e+64
3.8053742620214565e+64
1.5203679242573062e+64
6.06044138724861e+63
2.4116154046809784e+63
9.580061646638188e+62
3.798988707239067e+62
