0.0
1.8324317278364343e+71
3.3445281790584694e+72
7.416135820909288e+72
1.1399497502982198e+73
1.4943472588081033e+73
1.7864264925604937e+73
2.010293666910327e+73
2.167408201717611e+73
2.2634389014302407e+73
2.3059468543724158e+73
2.3032613568241932e+73
2.2637060523670586e+73
2.1949686910703305e+73
2.104037427678574e+73
1.9970745971565183e+73
1.8792504183537057e+73
1.7550299259061107e+73
1.6279672087017467e+73
1.5010872754615946e+73
1.0494983832568103e+73
5.497156186934281e+72
2.645389050824808e+72
1.2013815589151346e+72
5.233252024818293e+71
2.2098700692117555e+71
9.110441395599496e+70
3.6850799937396713e+70
1.467754921595748e+70
5.7722139911726494e+69
2.2457558911965073e+69
8.658311373332088e+68
3.3117106936000463e+68
1.258277525281041e+68
4.751476298796128e+67
1.7848779358740556e+67
6.672364935928989e+66
2.4837948534711093e+66
9.210023115187936e+65
3.4029301704678443e+65
1.2534190262645997e+65
4.6036774773636833e+64
1.6861459421114806e+64
6.160670296798701e+63
2.24565412635697e+63
8.168591636854527e+62
2.96515219058773e+62
1.0745617963206816e+62
3.887026715825205e+61
1.403810084081555e+61
