1.2038800249063502e+67
2.2800230187852258e+70
3.029998970213467e+72
8.324256043927467e+72
1.4033273457465574e+73
1.9524827150432582e+73
2.440701744414877e+73
2.84827210554373e+73
3.1679725345174456e+73
3.400732393250689e+73
3.5518405656649974e+73
3.6295866745023615e+73
3.644154379432739e+73
3.6045655103476626e+73
3.5209711263311984e+73
3.402176629075643e+73
3.2569666614345796e+73
3.092324707444656e+73
2.914667921121034e+73
2.7292648012147883e+73
2.0185184130989e+73
1.144439189422208e+73
5.939793634189835e+72
2.9036970298684767e+72
1.3601513451790287e+72
6.17146142657621e+71
2.7327515402797784e+71
1.1868949650910967e+71
5.07544736785049e+70
2.1427989588732677e+70
8.94980525087965e+69
3.7045521535156436e+69
1.5215130023316902e+69
6.207054143338277e+68
2.5172689008550636e+68
1.0156321454394439e+68
4.0790013555120396e+67
1.631497953896505e+67
6.501040044195916e+66
2.582251784011669e+66
1.0224873767196337e+66
4.0376632812833027e+65
1.5903567597233638e+65
6.249855583995334e+64
2.450784309332389e+64
9.591466345416227e+63
3.74675514473041e+63
1.4612278840930458e+63
5.68932879040356e+62
2.211924823958115e+62
