0.0
1.7880661885321378e+71
5.072736323966085e+72
1.2602260301263313e+73
2.0398444547521703e+73
2.7799118086524663e+73
3.437911876659341e+73
3.992720619810106e+73
4.436948957483268e+73
4.771836715197713e+73
5.0041579609398644e+73
5.1431329865907676e+73
5.2000391929778513e+73
5.186265922681258e+73
5.1132526153269496e+73
4.9914131090495387e+73
4.830845224995946e+73
4.6401604644915984e+73
4.427370542092086e+73
4.199209633733635e+73
3.275353471849282e+73
2.0307898640165004e+73
1.159407514937269e+73
6.254256262759916e+72
3.2373193933897988e+72
1.624117131896544e+72
7.952192351980416e+71
3.8187309176074065e+71
1.8049238685413145e+71
8.419131906863432e+70
3.883788119728618e+70
1.774675480353539e+70
8.043515658213139e+69
3.619411056528715e+69
1.6184739676238975e+69
7.196786044059359e+68
3.184672053437957e+68
1.4028785175333795e+68
6.154515558988982e+67
2.6905594736814934e+67
1.1723164308556947e+67
5.092216973435831e+66
2.2054419722518735e+66
9.528970509982633e+65
4.107471100622757e+65
1.766329256731852e+65
7.581553018626596e+64
3.2476355151478766e+64
1.3886831825473542e+64
5.9282563924346214e+63
