4.857923348751984e+65
5.212801860367328e+70
3.8280560398725225e+72
1.1320081223571222e+73
1.9445045009061897e+73
2.743134091154261e+73
3.4738804450873517e+73
4.1062923760627106e+73
4.6266130488063564e+73
5.032024747706801e+73
5.325821517098193e+73
5.516234954861344e+73
5.613755151532053e+73
5.629747677694732e+73
5.5762323047054793e+73
5.4645912361886586e+73
5.3057146385800405e+73
5.109806263676269e+73
4.886257483894932e+73
4.642394072564486e+73
3.63222863865152e+73
2.2464146115724247e+73
1.2726852304901826e+73
6.791450555789607e+72
3.4715605254978448e+72
1.7180524418342439e+72
8.293316893326068e+71
3.9244912491518563e+71
1.827329115113412e+71
8.397264797189225e+70
3.815671278840788e+70
1.7174473663783582e+70
7.667419153727054e+69
3.398759651749869e+69
1.4972429353569574e+69
6.559327469377473e+68
2.859688010731393e+68
1.2411888238993687e+68
5.3663592558336795e+67
2.3118551945810105e+67
9.92637872762023e+66
4.24962406319759e+66
1.8144103808186914e+66
7.726967932332908e+65
3.2828550608042655e+65
1.3919014503371753e+65
5.889731465979964e+64
2.4875877286283948e+64
1.048749006274419e+64
4.414444972049294e+63
