0.0
1.8543809972647356e+71
4.686048863739816e+72
1.1008936983143369e+73
1.7423239565840864e+73
2.3384458238326577e+73
2.856829942944559e+73
3.2826110937143825e+73
3.61249435993299e+73
3.849843912744e+73
4.00208764907471e+73
4.078726534891891e+73
4.089981995976184e+73
4.046336526652203e+73
3.957498290017518e+73
3.832864810779889e+73
3.6804384004794834e+73
3.507556423906519e+73
3.320642415093441e+73
3.125071109236551e+73
2.3654828825906187e+73
1.401133338049316e+73
7.641848600125186e+72
3.938703201933374e+72
1.9486386154362834e+72
9.348324830773103e+71
4.378458402197304e+71
2.012007965222266e+71
9.10209314503557e+70
4.064970468484455e+70
1.7955988644988176e+70
7.858015348276168e+69
3.4110503335131914e+69
1.4704666060002263e+69
6.299558496870883e+68
2.683934968437209e+68
1.1379194539241698e+68
4.8028229809640774e+67
2.019182969194279e+67
8.457874290102626e+66
3.531163943578535e+66
1.4696258821305886e+66
6.101090935563472e+65
2.5258277114666543e+65
1.0432526937468702e+65
4.298936663315324e+64
1.7682602223472434e+64
7.258745400983688e+63
2.973819564121944e+63
1.2165800250335288e+63
