0.0
1.5557840521446424e+71
4.9892813164484705e+72
1.3272030041777977e+73
2.2021266680686428e+73
3.0480600312827384e+73
3.813608825276675e+73
4.471470658162308e+73
5.0103345716648415e+73
5.42880686578797e+73
5.732220157764058e+73
5.929543974078046e+73
6.031802566988173e+73
6.050974024129485e+73
5.999209345773784e+73
5.888266762185188e+73
5.728822869073468e+73
5.531020951203354e+73
5.3038639877860457e+73
5.055487387021173e+73
4.014906937875262e+73
2.5536930466820314e+73
1.493531833247089e+73
8.243832855798085e+72
4.363169467515611e+72
2.236897089166103e+72
1.1188594325801507e+72
5.486467018888557e+71
2.6473938866588e+71
1.2604501812789327e+71
5.934170826444647e+70
2.7670263109211134e+70
1.279589158436793e+70
5.8747307918309166e+69
2.6800161834342822e+69
1.2158129711586142e+69
5.488099320057929e+68
2.4662434498021382e+68
1.103774781065399e+68
4.922103971865646e+67
2.1875965951074634e+67
9.692786113191895e+66
4.283106767041828e+66
1.8876514164255023e+66
8.299815932241015e+65
3.641250859035898e+65
1.594229713474235e+65
6.966131791672506e+64
3.039202376393962e+64
1.3235758957760213e+64
