8.608885802976819e+66
3.495723565287209e+70
3.464887894211826e+72
1.0084608088155793e+73
1.7268694130786533e+73
2.4291227948276593e+73
3.0664082606597914e+73
3.611949690903953e+73
4.054559038709883e+73
4.3922392394546355e+73
4.6295506236874757e+73
4.7745115892260425e+73
4.837374660469947e+73
4.8290083477722836e+73
4.760561001423342e+73
4.643275789299588e+73
4.4860202294839305e+73
4.298994843918146e+73
4.089731103429551e+73
3.865772613506997e+73
2.963608417897286e+73
1.7747062922460562e+73
9.727184446138202e+72
5.020127994251186e+72
2.481527626626971e+72
1.1877916120720533e+72
5.546119381537122e+71
2.5389730262376303e+71
1.1440141955444557e+71
5.0871888232998923e+70
2.237317217824019e+70
9.747861535850948e+69
4.212737072536174e+69
1.807851648431662e+69
7.710430831070316e+68
3.2705312726732027e+68
1.3804966450423585e+68
5.801149734018024e+67
2.428739081890154e+67
1.0130641129254428e+67
4.211966760861686e+66
1.7458927958402916e+66
7.216948448520925e+65
2.9759010638028604e+65
1.22416762351144e+65
5.0249990232811244e+64
2.0584727139220834e+64
8.416315318519724e+63
3.4351865235426016e+63
1.399739140064392e+63
