1.5110894852466562e+72
1.5609065301682037e+74
5.741551580490826e+74
1.1399179494354241e+75
1.7326158022966717e+75
2.2704922285299235e+75
2.710765037821832e+75
3.0376895481007026e+75
3.2542412122488173e+75
3.3706714227628135e+75
3.4022731298870425e+75
3.364717987503514e+75
3.273289603508759e+75
3.141660191173695e+75
2.9808588173935955e+75
2.8012854795313033e+75
2.6105273886090547e+75
2.415331805997871e+75
2.2204990027943102e+75
2.0299267025927884e+75
1.3779579206004987e+75
6.970469854810027e+74
3.2712451355440427e+74
1.4593146588763867e+74
6.278363947283486e+73
2.62918631720886e+73
1.0784934451216306e+73
4.351309974816417e+72
1.7328944525658128e+72
6.827538152887019e+71
2.666722178880469e+71
1.0341810392971891e+71
3.987985890442063e+70
1.5314235868990687e+70
5.863082469274808e+69
2.24067823690718e+69
8.562672678896436e+68
3.2762548016156526e+68
1.2576418136440259e+68
4.852320585166056e+67
1.8856406843124232e+67
7.39457983004072e+66
2.93186407807739e+66
1.177274945816432e+66
4.791291129267322e+65
1.978041892298946e+65
8.281766038339217e+64
3.5132699379001633e+64
1.5083799863585543e+64
6.54175208808126e+63
