6.499878785836781e+71
7.822493810250566e+73
3.1093031684485123e+74
6.498159839210888e+74
1.0254444419247544e+75
1.3825113843430384e+75
1.6870931810093821e+75
1.9229008514920965e+75
2.0867036049400044e+75
2.1827151210218683e+75
2.2189773729411943e+75
2.2056309236076987e+75
2.152746691686061e+75
2.0698277389346412e+75
1.9652201348872977e+75
1.8458648282578487e+75
1.7179546317282936e+75
1.5860698649227133e+75
1.4540635872248983e+75
1.3245878164539716e+75
8.836534659152253e+74
4.30919612139924e+74
1.9323672284645658e+74
8.180722626071171e+73
3.323706062183459e+73
1.309317440581314e+73
5.037864748775674e+72
1.903276335821474e+72
7.08659963670996e+71
2.608514966943034e+71
9.509961417268975e+70
3.4408085639847444e+70
1.2374135107509958e+70
4.428575763070065e+69
1.578644160543125e+69
5.612933679730645e+68
1.991873388301787e+68
7.063305472276283e+67
2.5046421533829413e+67
8.891483063640085e+66
3.1633266309406095e+66
1.1286735472406983e+66
4.044362378103561e+65
1.4568268521598065e+65
5.280956465953786e+64
1.927627810116221e+64
7.09340245001865e+63
2.632193164555668e+63
9.855977963181266e+62
3.723344149225583e+62
