2.7738773596343427e+72
1.826673614713672e+74
4.64709440998602e+74
7.139037777931291e+74
8.93386708525925e+74
1.0020607801442088e+75
1.0510041621956804e+75
1.0538898323055437e+75
1.0231425282973362e+75
9.695909078301707e+74
9.017965744523208e+74
8.261848776938295e+74
7.476992625907976e+74
6.698193177430382e+74
5.949492965987762e+74
5.246772620868536e+74
4.598286014529875e+74
4.0086901580431744e+74
3.4787021000374985e+74
3.0067095048781316e+74
1.6681921617136699e+74
6.418974127270494e+73
2.3573222341022955e+73
8.390722212495802e+72
2.9189948839320797e+72
9.976194361067891e+71
3.3621071799216437e+71
1.119901035882952e+71
3.6945300815646347e+70
1.2091164923721477e+70
3.929575992351399e+69
1.2702507529203071e+69
4.0898521016431875e+68
1.313732411939307e+68
4.219069612562699e+67
1.3581343815041333e+67
4.395237208234995e+66
1.4350381021567857e+66
4.746295220015728e+65
1.5965320209022687e+65
5.480488599593752e+64
1.9247719555898166e+64
6.920717387330914e+63
2.5459522970187135e+63
9.557320406009529e+62
3.6488238757293865e+62
1.411602722682351e+62
5.512895788956703e+61
2.1663255862464838e+61
8.542556570997058e+60
