2.8911263977760497e+72
2.300418970146092e+74
7.145968244698075e+74
1.2542258778206797e+75
1.7309164679328541e+75
2.0987411273518004e+75
2.35112298302738e+75
2.49845740034859e+75
2.558283864784854e+75
2.5484365281676586e+75
2.485692983660315e+75
2.3838868048436073e+75
2.255467969775502e+75
2.110005120142679e+75
1.955383715415082e+75
1.797390364210517e+75
1.640598003915414e+75
1.4883741881216681e+75
1.3428461934039342e+75
1.2059565097860958e+75
7.696933933249679e+74
3.6001537994212354e+74
1.5826244772018032e+74
6.674314694906489e+73
2.7325701703505658e+73
1.0939745858570396e+73
4.304773196853749e+72
1.670568600757034e+72
6.410433802962911e+71
2.4374642196264015e+71
9.1997785496687e+70
3.451432305048875e+70
1.2890290604161813e+70
4.801486777380195e+69
1.7865472584929785e+69
6.65220616083527e+68
2.48550501593095e+68
9.34232229138834e+67
3.542794645152544e+67
1.3598139996296018e+67
5.296857018583378e+66
2.099093803427953e+66
8.474445117821454e+65
3.487059769126132e+65
1.4615043070216364e+65
6.226933060438918e+64
2.6906713158558515e+64
1.1757857582874393e+64
5.182624569962966e+63
2.2980960657573537e+63
