1.2573575690586977e+72
1.3683894690234741e+74
5.163954757028429e+74
1.0437953466753275e+75
1.6088864788366842e+75
2.132108948033491e+75
2.5688237119503533e+75
2.9004342618263253e+75
3.126215677424723e+75
3.254663913547009e+75
3.2989675703585906e+75
3.274054134091502e+75
3.1946950170361023e+75
3.073806314455302e+75
2.9229418585969696e+75
2.7518917251052602e+75
2.568423552323878e+75
2.3792467784850022e+75
2.1895736975869044e+75
2.003353703172808e+75
1.362444907874918e+75
6.888423376170118e+74
3.2203754073596606e+74
1.4280258240877317e+74
6.096906530715838e+73
2.53050412941021e+73
1.0277578513246438e+73
4.104244359456226e+72
1.6164306057705295e+72
6.297181110386274e+71
2.4313645271191534e+71
9.319082494694627e+70
3.550772002628114e+70
1.3468645260378933e+70
5.092185611242201e+69
1.9212701011845107e+69
7.244292516426335e+68
2.7332516436426565e+68
1.0337792164483565e+68
3.925625665484916e+67
1.499046857061095e+67
5.770051228656242e+66
2.2416064273289667e+66
8.802344812726068e+65
3.5004714884473077e+65
1.4097722977444765e+65
5.75473911084758e+64
2.3796032622896838e+64
9.958230984714547e+63
4.212734084365601e+63
