1.7603461068735449e+71
1.6696804020769182e+73
5.983728154666859e+73
1.1302568242624868e+74
1.607796598483888e+74
1.9520227719162668e+74
2.1448624201831665e+74
2.2015847095014695e+74
2.1524943758037915e+74
2.0287123434467286e+74
1.8592850308285003e+74
1.6659401123031685e+74
1.4656578327234313e+74
1.2697865686236102e+74
1.0855579338429824e+74
9.180178578775163e+73
7.687280570907166e+73
6.379531487759126e+73
5.255405562950624e+73
4.298600425958436e+73
1.8828038342282113e+73
4.749832315781308e+72
1.0783901355880877e+72
2.2732757183670096e+71
4.546956018356916e+70
8.749966605453465e+69
1.636345895995761e+69
2.994038338259858e+68
5.3879452512001156e+67
9.567183497636535e+66
1.6812520069377021e+66
2.9300923281543943e+65
5.072995637855628e+64
8.737334820482813e+63
1.4987555422721176e+63
2.5640194238461657e+62
4.3762734893619954e+61
7.460786603633502e+60
1.2716382995039793e+60
2.1677382375774e+59
3.698575551093183e+58
6.319918916416954e+57
1.082392194557747e+57
1.8597241443254457e+56
3.204926467105907e+55
5.545707378949486e+54
9.645267919559947e+53
1.6856872834569944e+53
2.962791819338157e+52
5.2391835809764e+51
