5.39507029681672e+70
3.267573282768051e+72
8.413283069279597e+72
1.2012047189595028e+73
1.319878594414253e+73
1.2523622571025979e+73
1.0835842111647909e+73
8.809563524916894e+72
6.842213834077654e+72
5.13994565329275e+72
3.756311350518822e+72
2.6872029395303625e+72
1.8877438053040374e+72
1.3062238183800118e+72
8.918532080983196e+71
6.018445331542886e+71
4.018419032813581e+71
2.6599197907248626e+71
1.7453590636698733e+71
1.1364774371603485e+71
2.056977021051455e+70
1.3261954644192239e+69
7.510008029001398e+67
3.889035986636873e+66
1.892447772984095e+65
8.813065771802406e+63
3.9750910605080533e+62
1.751583590633743e+61
7.580464453244042e+59
3.2347967990992526e+58
1.3649706520541987e+57
5.70805042359498e+55
2.369387133595276e+54
9.778733438093758e+52
4.017232924587854e+51
1.6447741700717542e+50
6.717799519839423e+48
2.7395522424709422e+47
1.1160823276789955e+46
4.545931204548779e+44
1.8532995298560113e+43
7.560297772293681e+41
3.090227478115273e+40
1.2658125350748869e+39
5.199238522650079e+37
2.1434440215276696e+36
8.870190512474558e+34
3.6853408528334874e+33
1.538773758232212e+32
6.4599891695298e+30
