9.30399308166487e+71
1.0757704674135063e+74
4.1856523818465964e+74
8.641001611716697e+74
1.3531953754672985e+75
1.8156948658197874e+75
2.209420096896604e+75
2.5143635958754817e+75
2.7269782704906057e+75
2.8532506664943548e+75
2.9032643540929323e+75
2.8904161596807887e+75
2.8268429011542884e+75
2.724648546073967e+75
2.5938720389403117e+75
2.4437627493086522e+75
2.2818821342099802e+75
2.1140291616788974e+75
1.94518926027071e+75
1.7789179642646042e+75
1.2055340409263337e+75
6.036079468801149e+74
2.784935888871088e+74
1.2152912308179107e+74
5.097098707617331e+73
2.0754027123516084e+73
8.262510559970954e+72
3.231794491254225e+72
1.2465162070120988e+72
4.754356013796402e+71
1.7968688852443443e+71
6.742050546719819e+70
2.5146134681253697e+70
9.335364899760025e+69
3.4540673399354975e+69
1.2749583381543718e+69
4.700792095105554e+68
1.7327118202595182e+68
6.396040691608766e+67
2.3665121967134537e+67
8.791105121272555e+66
3.2825494285663945e+66
1.2339783874980004e+66
4.676324120748369e+65
1.788543205809733e+65
6.912318745763347e+64
2.700210510670302e+64
1.0669013813736675e+64
4.262244780207507e+63
1.7203690463286194e+63
