1.9656338725510553e+72
6.410922323508366e+73
1.4181789410011303e+74
1.971018571382581e+74
2.2379399878087273e+74
2.2736311058552013e+74
2.1533830742812364e+74
1.943099208833683e+74
1.6917348130719385e+74
1.4328819873695942e+74
1.187319498082525e+74
9.665070932477293e+73
7.752816938429914e+73
6.145039002880069e+73
4.822283898550036e+73
3.753361846068408e+73
2.901963965681821e+73
2.2313608820959804e+73
1.7082901073333073e+73
1.3032346071859901e+73
4.519817252038286e+72
8.845503362466436e+71
1.7180664578872116e+71
3.312527901626432e+70
6.314092319779461e+69
1.1880135570006686e+69
2.2062791615437617e+68
4.0479138773270935e+67
7.342920745904406e+66
1.3181297613239344e+66
2.3432617837792034e+65
4.127673906794152e+64
7.211599736102994e+63
1.2505692148414645e+63
2.155691965971193e+62
3.7000359096043285e+61
6.3442923918494215e+60
1.091189868269387e+60
1.8943034352752342e+59
3.3446753643051906e+58
6.060261134606316e+57
1.1366274326962605e+57
2.219025457347412e+56
4.5154041235131254e+55
9.539955766840626e+54
2.077298526014407e+54
4.619890596169567e+53
1.041165802543708e+53
2.3619450030538986e+52
5.3676204121600376e+51
