2.911569905434386e+72
2.312957278131304e+74
7.11419528807631e+74
1.2395377472551073e+75
1.701098639263909e+75
2.053630285483922e+75
2.2920616951302573e+75
2.4284487359311743e+75
2.4799825458345807e+75
2.4647548185341803e+75
2.398809882495188e+75
2.296280604884365e+75
2.168524042294111e+75
2.0252144437144877e+75
1.8735909232802893e+75
1.7195076176576389e+75
1.5671059367489698e+75
1.4196021325085575e+75
1.279053035885146e+75
1.1470278162315337e+75
7.284355778009596e+74
3.384305413483975e+74
1.478775210880252e+74
6.201587702265933e+73
2.5256312166407462e+73
1.006082001000478e+73
3.93986813581095e+72
1.5218007661788646e+72
5.813231684602514e+71
2.2003863459606318e+71
8.267321334268296e+70
3.088254039050728e+70
1.1485241108571406e+70
4.258980762127094e+69
1.577958954480816e+69
5.852618253730894e+68
2.178211457499216e+68
8.157712298082728e+67
3.08356738573905e+67
1.1797433659809175e+67
4.583859329874082e+66
1.8119355369149136e+66
7.300783529368231e+65
2.9981865486447614e+65
1.2540038933962307e+65
5.332277129687794e+64
2.299454522023977e+64
1.0025081173706946e+64
4.407639610777059e+63
1.9490955802306687e+63
