1.9596138936109038e+70
3.9576406421384944e+71
4.82750709072999e+71
3.523664708417738e+71
2.07312249316318e+71
1.0878366299240171e+71
5.314032954816303e+70
2.471598833066455e+70
1.1080125023068943e+70
4.825995033469292e+69
2.0540609262801844e+69
8.568929899671774e+68
3.514858721045894e+68
1.4201386826804532e+68
5.66523886063332e+67
2.2329089739514776e+67
8.708590554703143e+66
3.363683343294335e+66
1.2892025937884527e+66
4.897431807400798e+65
1.1182127677343844e+64
3.0663016499090256e+61
7.197689806604443e+58
1.5185923047021936e+56
2.974339642158831e+53
5.52618761861948e+50
9.883210210922415e+47
1.7170174308895446e+45
2.92028828187041e+42
4.8795953998258475e+39
8.046021325314179e+36
1.311815905379699e+34
2.12116229643648e+31
3.4049302998442745e+28
5.439752365352142e+25
8.659386170654185e+22
1.3744080985960707e+20
2.1780476625594048e+17
345008963452191.4
546503187092.5831
866452124.1244712
1376464.0484792802
2191.832948188386
3.4997321732529922
0.005606014548500026
9.01550754215077e-06
1.4569844489266444e-08
2.3672349976118556e-11
3.866352141154424e-14
6.356226729863486e-17
