2.7945001460684067e+72
1.9498553108743078e+74
5.10088637376302e+74
7.968106191083089e+74
1.0095935137502977e+75
1.1443656338483845e+75
1.2117765137095533e+75
1.225907956115407e+75
1.200666953708351e+75
1.1475707704989413e+75
1.076291280845568e+75
9.9432548149562e+74
9.074045215550987e+74
8.195847090526753e+74
7.339705079567213e+74
6.52541856412508e+74
5.764810139988022e+74
5.065833142398705e+74
4.430425019871618e+74
3.8586284132042186e+74
2.2031811027739512e+74
8.831860019731609e+73
3.371765612641827e+73
1.2458553224435127e+73
4.496200907324836e+72
1.5933079672273672e+72
5.565348956057639e+71
1.9210849157140456e+71
6.566549865724651e+70
2.2263675198514122e+70
7.497503627196202e+69
2.511174934890003e+69
8.377494521660231e+68
2.7882712432338105e+68
9.278578922657331e+67
3.094292943297523e+67
1.0370193185448036e+67
3.504433193413801e+66
1.1989057847202755e+66
4.16716173917471e+65
1.4763038326535852e+65
5.343760964040465e+64
1.978437996248347e+64
7.48578117301494e+63
2.8893527641435274e+63
1.1341546842544566e+63
4.5110812529501075e+62
1.8118483991028308e+62
7.325859172638727e+61
2.9737380323193035e+61
