2.846544160040447e+72
2.1325712189861345e+74
5.836451787308777e+74
9.375424502511469e+74
1.2122606320621978e+75
1.396882117323021e+75
1.5005693204849344e+75
1.538285074775607e+75
1.5253657207422784e+75
1.475493807313495e+75
1.4001855949506665e+75
1.3084212052047093e+75
1.2075416602529227e+75
1.1030844828050063e+75
9.98757842149486e+74
8.976295798015922e+74
8.01630703257934e+74
7.11912382439997e+74
6.291870175489992e+74
5.536685848324675e+74
3.2836937756686357e+74
1.3893582778612072e+74
5.579194834799807e+73
2.1634985476763096e+73
8.182996126221697e+72
3.0360367665317016e+72
1.1096965050921798e+72
4.0064734182689753e+71
1.4322583211600678e+71
5.077106548328249e+70
1.7876393812770512e+70
6.259879653849584e+69
2.183533766089585e+69
7.5991803590831455e+68
2.643550945494761e+68
9.214800524078149e+67
3.227088468529094e+67
1.1390815749277094e+67
4.066682093247941e+66
1.4733454964056501e+66
5.435510162448019e+65
2.0459818554157375e+65
7.86558861648882e+64
3.0873823736516093e+64
1.2354387894550933e+64
5.024984671366989e+63
2.0713531780820456e+63
8.623791270299022e+62
3.6154920792965548e+62
1.5225487149834216e+62
