1.8658437206893185e+72
1.7899104414334416e+74
6.35660749199872e+74
1.2302821404772722e+75
1.8326693584100343e+75
2.3627878831817063e+75
2.783349611465269e+75
3.0849638119233475e+75
3.274261719341101e+75
3.3652884450103443e+75
3.3743138187878082e+75
3.318188556678535e+75
3.2119160568436975e+75
3.0693940020690507e+75
2.901015550817181e+75
2.716625111487826e+75
2.523855306264891e+75
2.3284983869495437e+75
2.1350726951959445e+75
1.947209105749789e+75
1.3125072326578534e+75
6.594961968276138e+74
3.0854779991201287e+74
1.375973934754048e+74
5.92969695732134e+73
2.491313712192894e+73
1.0262681076496257e+73
4.162732008658144e+72
1.6677600301276343e+72
6.614132315454444e+71
2.601660106437776e+71
1.016599494550675e+71
3.9512534440911985e+70
1.529895927342457e+70
5.909198906392219e+69
2.2797662104099184e+69
8.802102699142233e+68
3.406673882159323e+68
1.3241652288261697e+68
5.18206129529305e+67
2.046360687962745e+67
8.170052508975321e+66
3.3049077068091294e+66
1.3564650276969675e+66
5.652509263137657e+65
2.3919736262551864e+65
1.0270730161082512e+65
4.468672790699938e+64
1.9667176307232042e+64
8.737380013393829e+63
