2.941194136664643e+72
2.328290829704856e+74
7.008803923939943e+74
1.2020296077484374e+75
1.6301525725583712e+75
1.9496865851670054e+75
2.15964239643504e+75
2.2734243063896454e+75
2.3087485263954652e+75
2.282875290753216e+75
2.2114417021474525e+75
2.1078080447291273e+75
1.9823803099747154e+75
1.84426366730296e+75
1.6999068528528575e+75
1.5544858827122732e+75
1.4118422428671086e+75
1.274697601346855e+75
1.1447727021339849e+75
1.0233629303260737e+75
6.425513731815549e+74
2.939958785895245e+74
1.267118241835507e+74
5.247600474747701e+73
2.1117487018546873e+73
8.31909745151084e+72
3.2225980088199433e+72
1.2316929807184892e+72
4.657179849995145e+71
1.7452253755559169e+71
6.493258392935338e+70
2.402183275791987e+70
8.84896574650188e+69
3.2515857643857524e+69
1.19401729132804e+69
4.390245312134681e+68
1.6206200728076431e+68
6.022707565000826e+67
2.260702009446294e+67
8.594887579400593e+66
3.3198081487368853e+66
1.3057534435667479e+66
5.2360695660597785e+65
2.1410719091788714e+65
8.915839250241301e+64
3.773660931376258e+64
1.6190842986904388e+64
7.020550864451959e+63
3.0685497561429293e+63
1.348448443205929e+63
