4.0735004699133826e+71
4.7666505699928585e+73
1.8846029022971504e+74
3.897754765616443e+74
6.061942588550897e+74
8.037166473326179e+74
9.63082511219026e+74
1.0769912291946978e+75
1.145997972442381e+75
1.174977997117066e+75
1.170433232934066e+75
1.1398425669208064e+75
1.0895573798548326e+75
1.0257269167597897e+75
9.534656771509684e+74
8.765929899777786e+74
7.983625845434465e+74
7.211249204462321e+74
6.46721257687861e+74
5.761553987437709e+74
3.5231927341642115e+74
1.4982545796649612e+74
5.830222690415407e+73
2.134017788540043e+73
7.475106145247329e+72
2.5339213959906957e+72
8.379225623396928e+71
2.7184416630199257e+71
8.686989148314547e+70
2.7428209773136736e+70
8.579435635358808e+69
2.6629920967392244e+69
8.213528548385199e+68
2.5217251314480204e+68
7.714348943587454e+67
2.353009818934904e+67
7.165204133309219e+66
2.1799295079883444e+66
6.630447989747658e+65
2.0182794568775693e+65
6.152247466243748e+64
1.879442081985511e+64
5.759048373261809e+63
1.7713566546950502e+63
5.473150401930928e+62
1.7001419293849474e+62
5.312387434521783e+61
1.670947824137214e+61
5.292446611317408e+60
1.6883057319249777e+60
