2.698131597437543e+72
1.6525168206064992e+74
4.085843936707455e+74
6.177430928614796e+74
7.638169092629193e+74
8.478830416212593e+74
8.807494085912344e+74
8.749023318781276e+74
8.416952130278048e+74
7.903739051105802e+74
7.284214040747635e+74
6.613219235928009e+74
5.93024054419885e+74
5.264661713769892e+74
4.634039501245276e+74
4.050048723530895e+74
3.5180198186118173e+74
3.039895766524458e+74
2.614946267264358e+74
2.240659054494015e+74
1.2038481605914053e+74
4.4253499645807494e+73
1.5565184531082878e+73
5.313147471296602e+72
1.7742573409296675e+72
5.824398324436949e+71
1.8856525568631302e+71
6.035260613129062e+70
1.9131438000831573e+70
6.014533676867123e+69
1.877951584996427e+69
5.830736600526475e+68
1.8025375732924711e+68
5.557369498320183e+67
1.712329660706342e+67
5.2846591710517464e+66
1.6391136096003542e+66
5.126402897545876e+65
1.6237676466392746e+65
5.230703053510247e+64
1.720355772008282e+64
5.7925492906909146e+63
1.9990129018077063e+63
7.0652390897687175e+62
2.551846639839009e+62
9.3838415249243e+61
3.4990005983007566e+61
1.3179577277041063e+61
4.996585874854943e+60
1.901130860675284e+60
