2.950979866674159e+72
2.322372379514547e+74
6.829083939393813e+74
1.1515098400394897e+75
1.5418025252587857e+75
1.82564143046257e+75
2.00554415981512e+75
2.0963989238993457e+75
2.1156655606230877e+75
2.080101482586175e+75
2.0044641998414207e+75
1.9009689033021337e+75
1.7796021273181221e+75
1.6479871353957391e+75
1.5124733124321265e+75
1.3772980274512035e+75
1.2457661212910696e+75
1.1201844624870893e+75
1.002144166415192e+75
8.92488520995748e+74
5.527030719212983e+74
2.4812171721962994e+74
1.0511372135082988e+74
4.2842264979269137e+73
1.69817809215274e+73
6.592012709092131e+72
2.517605018934478e+72
9.489897911525597e+71
3.539199455057691e+71
1.3083290605491107e+71
4.8019215362493625e+70
1.7528650789374974e+70
6.372326009347113e+69
2.310811391672466e+69
8.374965343923607e+68
3.0407192513222016e+68
1.1087537704601087e+68
4.0726327551651306e+67
1.511461671997531e+67
5.6880717111871724e+66
2.176037733342566e+66
8.484282722575988e+65
3.3744637239769575e+65
1.3689732903843918e+65
5.657111048772527e+64
2.3754577668115917e+64
1.010947986001829e+64
4.345928394899705e+63
1.882321533377693e+63
8.191085574307766e+62
