2.104305558092849e+71
2.0111960780243432e+73
5.451435032067132e+73
8.005976557440724e+73
9.155694159973903e+73
9.167288824076957e+73
8.45649150935105e+73
7.377578240582572e+73
6.177636469935868e+73
5.0095353319756004e+73
3.959391897467086e+73
3.062994213302011e+73
2.3264749572359982e+73
1.7394592340219105e+73
1.2822846071397418e+73
9.338349343962631e+72
6.7250092617787785e+72
4.7966349187337635e+72
3.390664502472241e+72
2.3774013393174512e+72
5.716155720140348e+71
5.728294074847612e+70
5.150468573581764e+69
4.320090894463251e+68
3.4569426616741446e+67
2.6752967311077342e+66
2.0198062375497976e+65
1.4973766381672088e+64
1.0940747717918347e+63
7.903344775574402e+61
5.6562461713892806e+60
4.016244236824084e+59
2.831184525323097e+58
1.9832979569478803e+57
1.380827969961166e+56
9.559763546194008e+54
6.583609011713136e+53
4.512516533133282e+52
3.077648036577242e+51
2.090537367873647e+50
1.4149014474167013e+49
9.550280378581489e+47
6.435634770064151e+46
4.3342597313584255e+45
2.926310831809202e+44
1.9849817515032478e+43
1.3566380800075399e+42
9.387040784701163e+40
6.597740619342006e+39
4.732118984713299e+38
