9.217351342227005e+70
8.112793814926108e+72
2.5686359518464923e+73
4.367743287998891e+73
5.636823499226016e+73
6.230320597438033e+73
6.251645109425087e+73
5.874114499038131e+73
5.263053424209162e+73
4.549445217445199e+73
3.8268106246179855e+73
3.1482466708071004e+73
2.5431118697225182e+73
2.0238427685793274e+73
1.588976785545913e+73
1.2336781639947894e+73
9.480633736889156e+72
7.220022864422756e+72
5.455086846179649e+72
4.092370496855002e+72
1.279710247187226e+72
1.9158656455453653e+71
2.5509608464921284e+70
3.130715513918965e+69
3.6259899848624394e+68
4.0289955188135863e+67
4.343164794911797e+66
4.577221837795988e+65
4.7404525357660017e+64
4.8421648234516624e+63
4.893776817088154e+62
4.902870989744258e+61
4.879046377779847e+60
4.829529651636545e+59
4.760568634749915e+58
4.6777893577493885e+57
4.587260040849233e+56
4.4926198929164567e+55
4.398661292793175e+54
4.307063067085704e+53
4.2205284038861515e+52
4.141217272221495e+51
4.072736003902295e+50
4.015710164010785e+49
3.9714412618244523e+48
3.943753603555425e+47
3.932544859367021e+46
3.940474677625272e+45
3.968985792263321e+44
4.02014698976913e+43
