1.526442428543923e+72
4.435148996826684e+73
9.78161789820764e+73
1.3327804585131795e+74
1.471414273863726e+74
1.4467970022886854e+74
1.321927909055791e+74
1.1475524747467985e+74
9.587789166948291e+73
7.776058871106119e+73
6.155318195214935e+73
4.7763182021731694e+73
3.645159253452845e+73
2.7426736854832038e+73
2.039307417510572e+73
1.501092596944359e+73
1.095507369737031e+73
7.93782038428424e+72
5.717147754241117e+72
4.098870838879883e+72
1.1092734645953445e+72
1.484279006201128e+71
2.020265185745988e+70
2.822239757719766e+69
4.001222524449201e+68
5.687909348924666e+67
8.05023236574324e+66
1.1302727824099e+66
1.5719038878027185e+65
2.1650267864304836e+64
2.953175005186965e+63
3.9900954791857386e+62
5.34287175551403e+61
7.093452440787084e+60
9.346763840738342e+59
1.2240214205317048e+59
1.5967727499290065e+58
2.0832396072335626e+57
2.7342293814055697e+56
3.6381854617928597e+55
4.959829766814221e+54
7.002691182128533e+53
1.0331519804438899e+53
1.599245097758045e+52
2.589452267516381e+51
4.350080172535761e+50
7.499399997671845e+49
1.3137173842709387e+49
2.3184823399143863e+48
4.0995231772886394e+47
