5.920634773718454e+71
7.106816908631576e+73
2.830678294625635e+74
5.918762883634989e+74
9.333395128400675e+74
1.2569501202702769e+75
1.5313711272798985e+75
1.7424972853702942e+75
1.887384590239332e+75
1.969966895159166e+75
1.998735455105863e+75
1.982142596466777e+75
1.9304123192967053e+75
1.8516160461316466e+75
1.753690761825997e+75
1.6434704573346362e+75
1.525611716398492e+75
1.4051062815624234e+75
1.2849625015633587e+75
1.1677376389062868e+75
7.712512172195685e+74
3.7036736889523613e+74
1.6344363743487352e+74
6.807792891002013e+73
2.7199454996407634e+73
1.0535298945858431e+73
3.985167769364356e+72
1.479642525371761e+72
5.414117270238833e+71
1.958220072571516e+71
7.014297286941372e+70
2.493548251021268e+70
8.811888506094191e+69
3.0985164745236623e+69
1.0853937152257378e+69
3.7911683607950614e+68
1.3219252509796819e+68
4.6053201331329113e+67
1.6042458952065985e+67
5.593363474596074e+66
1.9538547323820794e+66
6.844747109357004e+65
2.4067184838132496e+65
8.503244320593365e+64
3.0209153663768006e+64
1.0807187161519065e+64
3.893207106281069e+63
1.4134391036513018e+63
5.175012497594336e+62
1.9108102484756151e+62
