8.164805174423292e+71
9.621110111578675e+73
3.781171319319487e+74
7.854347333879953e+74
1.235264367372902e+75
1.6627927333779708e+75
2.0277799227708427e+75
2.311928274613716e+75
2.510288175030031e+75
2.6288708491114354e+75
2.6764250539352912e+75
2.66494962434994e+75
2.606540533087762e+75
2.5116230280486943e+75
2.3902178037153967e+75
2.2509077879771445e+75
2.1004483415593086e+75
1.944528952526655e+75
1.7878277961932433e+75
1.6337333557081978e+75
1.1027743542064383e+75
5.48190736124995e+74
2.5080882256366736e+74
1.0843140165562797e+74
4.5014575003009156e+73
1.8134026741019726e+73
7.137559592864006e+72
2.7592007487255298e+72
1.0516141936839054e+72
3.961495760201478e+71
1.4786610605350966e+71
5.4766411007500765e+70
2.0159823898511665e+70
7.384628209291175e+69
2.695031105894966e+69
9.809422257570516e+68
3.5642091698314614e+68
1.294488607467176e+68
4.7028415934370193e+67
1.7119807348937835e+67
6.249585125579246e+66
2.2914763035423986e+66
8.447465851591675e+65
3.1357131700982626e+65
1.1732547230861416e+65
4.430373082156144e+64
1.68918585449738e+64
6.50776897604718e+63
2.532878078450086e+63
9.960666108723827e+62
