2.9339923411084628e+72
2.2554854138629142e+74
6.361743673861479e+74
1.0418471177910469e+75
1.3655719421789902e+75
1.5899717293801003e+75
1.7227134457677384e+75
1.7792597993608903e+75
1.7762772359539979e+75
1.7291150445707239e+75
1.650691413983216e+75
1.5514856446843662e+75
1.439960140161242e+75
1.3224361015910332e+75
1.203756802060994e+75
1.0875461020308937e+75
9.761989153703795e+74
8.712148549769468e+74
7.736534333737849e+74
6.840163818267855e+74
4.126759085797123e+74
1.7868747020356377e+74
7.32462679816278e+73
2.894922590628578e+73
1.1144804165417858e+73
4.206202973527986e+72
1.5628106645347064e+72
5.734947872941102e+71
2.0828926753344173e+71
7.500580834775072e+70
2.682601556491519e+70
9.54251951184646e+69
3.3811971499128317e+69
1.1955786881814338e+69
4.227079108574422e+68
1.497670699084183e+68
5.332605531000513e+67
1.9145802554476098e+67
6.953330751551359e+66
2.5634799971514078e+66
9.621434208871723e+65
3.6845931931066994e+65
1.4406646563931492e+65
5.749317370341662e+64
2.337192888845766e+64
9.653512114899356e+63
4.038525442546446e+63
1.705745898015567e+63
7.253456113015665e+62
3.09722287619604e+62
