2.952047593690065e+72
2.3097688422731674e+74
6.703545964923074e+74
1.119779534820831e+75
1.489054047613776e+75
1.7535586436366666e+75
1.9178919274669954e+75
1.9968887423153076e+75
2.008327999626139e+75
1.9683189942730215e+75
1.891092303145894e+75
1.7884192458993207e+75
1.669706817569955e+75
1.5422367841349748e+75
1.4118096667731629e+75
1.2824581061929786e+75
1.1571383412097003e+75
1.0381537798159157e+75
9.265558185141208e+74
8.233764251427108e+74
5.057591087586289e+74
2.2453217777941748e+74
9.415794216715416e+73
3.801310122177971e+73
1.4932884693664376e+73
5.746662316279114e+72
2.1764804653216012e+72
8.137780648784029e+71
3.0105726452887326e+71
1.1041572828665976e+71
4.021361629061332e+70
1.4564360981292128e+70
5.254095346637345e+69
1.891043942459998e+69
6.803896321315542e+68
2.452313073801722e+68
8.881392303534491e+67
3.2405471181025333e+67
1.1952503514287542e+67
4.4715766392044776e+66
1.7017806140397342e+66
6.600144284754256e+65
2.6128848426086095e+65
1.055143936807988e+65
4.339839804433853e+64
1.8138216998388768e+64
7.67943381333955e+63
3.2846341758268127e+63
1.4147460516991274e+63
6.12156412152568e+62
