2.9461734118225654e+72
2.327556554773115e+74
6.92864371125089e+74
1.1786269260937754e+75
1.5885918581331742e+75
1.8908201352912e+75
2.0860809399688677e+75
2.188616915824395e+75
2.2159122253884386e+75
2.1851284921941707e+75
2.1116143805912303e+75
2.007828122788317e+75
1.884203586509984e+75
1.7492133403530737e+75
1.6089206764423618e+75
1.468431275770512e+75
1.3311811970284479e+75
1.199544135109039e+75
1.075376540517013e+75
9.596244472387903e+74
5.987037075875155e+74
2.715287565863755e+74
1.1610715401981702e+74
4.772940386113294e+73
1.9076095249648463e+73
7.464891631781359e+72
2.8732330234197537e+72
1.0914022097768925e+72
4.1010163944639633e+71
1.5274903451930632e+71
5.649052746116309e+70
2.0774468356104596e+70
7.608131899074358e+69
2.7793403743030318e+69
1.014710239900057e+69
3.710413286366004e+68
1.3623209272459208e+68
5.037062644144311e+67
1.881501758460824e+67
7.121085237737273e+66
2.7397877743393804e+66
1.0737204041902282e+66
4.290480824478403e+65
1.7482150355152833e+65
7.256645546978492e+64
3.060712472597635e+64
1.3084085289571031e+64
5.6518108465874426e+63
2.4601211435079194e+63
1.0763127028485591e+63
