2.243181667072067e+71
2.2767880551099354e+73
8.454756914942455e+73
1.6519726314605358e+74
2.4280427076841496e+74
3.043511671216671e+74
3.449419894181302e+74
3.650139945549503e+74
3.6776602353178e+74
3.5711966392349427e+74
3.370263841546357e+74
3.109114230749693e+74
2.815940153964383e+74
2.5116027132831733e+74
2.211756753573713e+74
1.9256515052752711e+74
1.6608565524468363e+74
1.4198512305667116e+74
1.2046876290642442e+74
1.0152517374770045e+74
4.9960119718349476e+73
1.5112898639215128e+73
4.134965811780556e+72
1.0548830387079897e+72
2.5596615317780383e+71
5.985328474798853e+70
1.3613281740495884e+70
3.032630930138404e+69
6.644937860192494e+68
1.4374544788850948e+68
3.0786717848606775e+67
6.538521137340973e+66
1.3799517621389886e+66
2.8974687727506286e+65
6.059193553452381e+64
1.2640509361406108e+64
2.631106794052277e+63
5.470307404820143e+62
1.1369876422115918e+62
2.3636012492708888e+61
4.919270862217253e+60
1.0254605828675997e+60
2.143233312790595e+59
4.4922512947226007e+58
9.450169783473206e+57
1.9961269407204843e+57
4.237765736786377e+56
9.045006303298378e+55
1.9419065511074498e+55
4.194470364875186e+54
