1.0705451437424046e+72
1.2081067468316727e+74
4.642274332476208e+74
9.502229764756477e+74
1.4786869572210976e+75
1.974512406860617e+75
2.393450239645706e+75
2.7160569265497743e+75
2.9387700600095478e+75
3.069413271520079e+75
3.1194534595382636e+75
3.1022698960756478e+75
3.0323222087352295e+75
2.921166359685651e+75
2.7805531958050152e+75
2.6198722525307234e+75
2.4465529736871894e+75
2.2672185048108417e+75
2.0869666367586913e+75
1.9095076522924227e+75
1.2976670466699442e+75
6.536455556984008e+74
3.038611372938305e+74
1.33767268292661e+74
5.664006276999687e+73
2.3297359093074632e+73
9.373194722734722e+72
3.705849009458403e+72
1.4451220974770625e+72
5.573775399351152e+71
2.1304911570718422e+71
8.082449240039059e+70
3.048247820883847e+70
1.144562616799886e+70
4.28277526177176e+69
1.5990327537853084e+69
5.964163245999793e+68
2.2253512150723824e+68
8.316788443488737e+67
3.1178458254917804e+67
1.1742742210730479e+67
4.450822880977192e+66
1.7003775661748013e+66
6.557207766544863e+65
2.556081398434545e+65
1.0079084166599331e+65
4.022878420250061e+64
1.625124286890353e+64
6.642233921711143e+63
2.7443288666428195e+63
