2.6220778765692205e+72
1.4333303364672582e+74
3.421589285579307e+74
5.070664146880543e+74
6.168502119500038e+74
6.745832531457698e+74
6.906054653630578e+74
6.7625781908992e+74
6.412060343440032e+74
5.934479840907537e+74
5.389536738690722e+74
4.821249586492047e+74
4.259611927263143e+74
3.7256883460959897e+74
3.23096680757291e+74
2.7820139212272706e+74
2.3811054229229246e+74
2.0276711657050988e+74
1.7192496814015062e+74
1.4520738594089385e+74
7.394849744130867e+73
2.517414469168723e+73
8.229395390267033e+72
2.6165667654971853e+72
8.14767364197111e+71
2.4955029308764046e+71
7.540462291411725e+70
2.2528875570744602e+70
6.665878879722287e+69
1.9561753182809364e+69
5.700383894387317e+68
1.6510927010994448e+68
4.76027521595163e+67
1.3681069804064766e+67
3.9274203462979504e+66
1.1288225373940707e+66
3.258914541396332e+65
9.486518778789545e+64
2.7969078645298446e+64
8.391689403213837e+63
2.5732528449308626e+63
8.090975384622197e+62
2.6125934423735034e+62
8.657289633923007e+61
2.936297301102691e+61
1.0152133513966989e+61
3.56246843164786e+60
1.2629395056453323e+60
4.507150064899455e+59
1.613871301562282e+59
