2.4082697780051172e+72
2.0676084924193535e+74
6.948002511832022e+74
1.2918853346435435e+75
1.864801646785324e+75
2.343434502983443e+75
2.7029073900485764e+75
2.9435932278111743e+75
3.077832629642848e+75
3.1228732927755712e+75
3.096060580504973e+75
3.014249877521168e+75
2.891402164163407e+75
2.7399112756706186e+75
2.569883781574399e+75
2.389321788621179e+75
2.2048424464802014e+75
2.0213122938720537e+75
1.842141001711888e+75
1.670215427994089e+75
1.1030686595445615e+75
5.399281847403811e+74
2.469269707724059e+74
1.0789141096850091e+74
4.5631538548437673e+73
1.883335189043775e+73
7.628223767997196e+72
3.0436064487412823e+72
1.1997592293311103e+72
4.683138062063342e+71
1.8134366342687413e+71
6.975419899153935e+70
2.6697312502914123e+70
1.0180865527916594e+70
3.873838260683992e+69
1.473725475246138e+69
5.614839607795283e+68
2.1471644090683224e+68
8.260493663575693e+67
3.2067289729737415e+67
1.258878534937318e+67
5.01079389617189e+66
2.025962601965825e+66
8.332131233641075e+65
3.486025578357769e+65
1.4823245695321986e+65
6.399632869760557e+64
2.7990612333793373e+64
1.2371538219739786e+64
5.513062990012623e+63
