7.234331255748552e+71
8.625279282150156e+73
3.416244018826251e+74
7.129082874982188e+74
1.1243372751918897e+75
1.5160240392984955e+75
1.851313589981683e+75
2.1116837659417642e+75
2.2941967516507234e+75
2.4023053235423665e+75
2.445825642111062e+75
2.4343477720915856e+75
2.3796100893006523e+75
2.2915689560979226e+75
2.1793409277750848e+75
2.05050323185743e+75
1.9118537962070176e+75
1.768129219127504e+75
1.6240711094059748e+75
1.4824582801531018e+75
9.962638507574046e+74
4.915900749497659e+74
2.2315870174895304e+74
9.567222700816003e+73
3.938124645091966e+73
1.5722918185243685e+73
6.1336336403642886e+72
2.3496019089186907e+72
8.8733336343258e+71
3.3125716582917447e+71
1.2250837043061076e+71
4.497033344966531e+70
1.640937031820919e+70
5.9587034337838e+69
2.1558158685499054e+69
7.7790347769881165e+68
2.8026213036397757e+68
1.0090966474820936e+68
3.634036812565733e+67
1.3107560787888746e+67
4.740061953974952e+66
1.7203750226710064e+66
6.273675911821536e+65
2.301972774185319e+65
8.506623634671214e+64
3.1689172527772915e+64
1.1908694052777808e+64
4.517076070395845e+63
1.7298226304173386e+63
6.688364286694724e+62
