2.5075297858602998e+72
1.1717747881729866e+74
2.699031272003592e+74
3.912889097038906e+74
4.666026837279221e+74
5.003263325385351e+74
5.021967978169253e+74
4.818376398638945e+74
4.4751735456949195e+74
4.055091577144628e+74
3.603915787725428e+74
3.153796087532685e+74
2.725344044783958e+74
2.3308877012419313e+74
1.9764885850455166e+74
1.6640700096638136e+74
1.392693170273139e+74
1.1596998355142754e+74
9.616502247752774e+73
7.946105296861937e+73
3.7268229901508695e+73
1.1267037846690788e+73
3.2882243675751536e+72
9.359406881522846e+71
2.611966729702272e+71
7.17234355224009e+70
1.9432100639010773e+70
5.2039372853677344e+69
1.3798549817501327e+69
3.6268426928289982e+68
9.460083085148726e+67
2.450835148010228e+67
6.314893089765631e+66
1.6206862183286904e+66
4.1491935418717095e+65
1.0626877552643833e+65
2.7313234605041665e+64
7.072831059991244e+63
1.8546505883023567e+63
4.9519881159055675e+62
1.3535624482606644e+62
3.8031177750760546e+61
1.1008375632157012e+61
3.280223422281843e+60
1.003190639172165e+60
3.1342574031372397e+59
9.948864538625673e+58
3.1923514919989115e+58
1.031170097636235e+58
3.3406784826822805e+57
