2.308339372202634e+72
8.956811498498868e+73
2.008288270523951e+74
2.8501296191946145e+74
3.3220880764117607e+74
3.4762914219911083e+74
3.4009084043179615e+74
3.176319530699128e+74
2.86877431898656e+74
2.524768643949407e+74
2.1775892014759867e+74
1.8478869274390597e+74
1.5474421707323977e+74
1.2819239872547985e+74
1.0523928586044442e+74
8.577270322707083e+73
6.948064636842688e+73
5.600322821524657e+73
4.49506459233319e+73
3.596235753734934e+73
1.4937804485438592e+73
3.7912687286926875e+72
9.372006996225252e+71
2.27030501351924e+71
5.401633794600921e+70
1.2651111529756341e+70
2.9220832792896564e+69
6.668533796425523e+68
1.505400993233941e+68
3.3654569622656514e+67
7.457407009510167e+66
1.6395430186921795e+66
3.5798016973538765e+65
7.77162060266454e+64
1.6805495009458412e+64
3.627562831241354e+63
7.842130327805867e+62
1.7054447400350253e+62
3.7519770420431856e+61
8.404426118259308e+60
1.930295268157186e+60
4.572162228453949e+59
1.1206974636423776e+59
2.8424763302545197e+58
7.432834961092088e+57
1.9922739432170353e+57
5.437493220238189e+56
1.5013077760748964e+56
4.172375077713152e+55
1.1624452420023986e+55
