2.90430239024987e+72
2.206159414520556e+74
6.129939724768922e+74
9.940155693603443e+74
1.2935379229430211e+75
1.4978521055140246e+75
1.615427166104281e+75
1.6617299413060133e+75
1.6529553256733094e+75
1.603569428282e+75
1.5258630353228662e+75
1.4296471374114813e+75
1.3229347309064955e+75
1.2113936976283046e+75
1.09953982182156e+75
9.906009170590979e+74
8.867057135740758e+74
7.892878714619933e+74
6.990960812689994e+74
6.165135003245693e+74
3.6850211509552866e+74
1.575615058078913e+74
6.385759611007767e+73
2.4973190939257706e+73
9.518849165141866e+72
3.5582544947301285e+72
1.310051178625339e+72
4.763787525389633e+71
1.7150631646767334e+71
6.12189702149734e+70
2.1706908248932284e+70
7.654929290259155e+69
2.6893161501842446e+69
9.428679544872779e+68
3.305116713782793e+68
1.1613458444965379e+68
4.1010160167758893e+67
1.460057860872278e+67
5.259980120163526e+66
1.9237403855070855e+66
7.165405191618459e+65
2.723219885970557e+65
1.0569432582314034e+65
4.187211531865666e+64
1.6902250589045923e+64
6.932905012414023e+63
2.880292209723146e+63
1.2081653789873409e+63
5.101098185302242e+62
2.1627224988340622e+62
