3.3324885017528157e+71
3.8230785912158633e+73
1.4909975534444887e+74
3.043753329187031e+74
4.669243497640531e+74
6.103998630575363e+74
7.21201984228637e+74
7.950905102315934e+74
8.343487290103773e+74
8.43507914952684e+74
8.287220009401937e+74
7.957803653504148e+74
7.500362955484892e+74
6.963148600832158e+74
6.382212022131906e+74
5.785028613294512e+74
5.19428022532744e+74
4.625081115552674e+74
4.0884145987852555e+74
3.5902733674988514e+74
2.073965657602373e+74
8.067783350615968e+73
2.861498364670607e+73
9.524726214774623e+72
3.027597917263678e+72
9.302317719682156e+71
2.786117802440981e+71
8.178723901498032e+70
2.3643561636808918e+70
6.751767435700096e+69
1.9093812604685517e+69
5.357545819484763e+68
1.4937408468396992e+68
4.144243645692113e+67
1.1457325811111809e+67
3.1580607358262743e+66
8.689325332390449e+65
2.3881676539136053e+65
6.563100932814191e+64
1.804115943779936e+64
4.9656041715392326e+63
1.3694562139047978e+63
3.7871845321567135e+62
1.0510169321763766e+62
2.9290995107393704e+61
8.200384279419999e+60
2.309045576445817e+60
6.541310035872002e+59
1.8650801302015975e+59
5.353364633791565e+58
