3.1224192428717524e+70
1.1218988526477403e+72
2.15871281506146e+72
2.412965984115396e+72
2.127132692880182e+72
1.6417450592792027e+72
1.1655654495928569e+72
7.807366850529307e+71
5.011825635925183e+71
3.1146567848076077e+71
1.8848800745006262e+71
1.1159387930771152e+71
6.493919990935954e+70
3.7173556116333606e+70
2.099756040703847e+70
1.17190887748912e+70
6.4707635207743225e+69
3.537664024457284e+69
1.9172857771909183e+69
1.0302902541320766e+69
8.917612253616355e+67
1.8554522853664296e+66
3.3520501260266644e+64
5.50080025613714e+62
8.445174210232694e+60
1.2370388173291677e+59
1.7529672611198823e+57
2.4206764575138361e+55
3.2788129695014617e+53
4.371787951242843e+51
5.755597589844032e+49
7.499002218331261e+47
9.685049547584217e+45
1.242895952006684e+44
1.5860932591426173e+42
2.0143182901616476e+40
2.5520431356604365e+38
3.224552360482517e+36
4.069649578354911e+34
5.1339558989258384e+32
6.476596160181848e+30
8.1744126694533e+28
1.034023523541137e+27
1.3101243324491488e+25
1.6644658949477113e+23
2.1220795679489264e+21
2.715067823704113e+19
3.491032191807505e+17
4507742129603071.0
58545243985770.914
