2.659785696946214e+71
2.99244182132461e+73
1.1423119548920068e+74
2.288376799587217e+74
3.4457115952324017e+74
4.422419169737094e+74
5.13105204434152e+74
5.555350246153955e+74
5.725297713111325e+74
5.686331718243237e+74
5.486893489997952e+74
5.175985661576192e+74
4.792668053269408e+74
4.3713481801774397e+74
3.935136104989284e+74
3.503202612674988e+74
3.0887306670416603e+74
2.7009031029728203e+74
2.3439002955411194e+74
2.0206037761167363e+74
1.0860840340536909e+74
3.770420677914706e+73
1.1889576859139285e+73
3.5070304244277e+72
9.85732183540388e+71
2.674374655374503e+71
7.06437962243194e+70
1.828220624370018e+70
4.65676515394364e+69
1.1713461383390928e+69
2.916591892474934e+68
7.206363377621289e+67
1.7685428449777884e+67
4.3194422228096824e+66
1.0509043580545115e+66
2.5498430889483667e+65
6.173184727585084e+64
1.4930051726141716e+64
3.6094084058467856e+63
8.73075668033093e+62
2.1137226167558917e+62
5.127088345057065e+61
1.2467539519396299e+61
3.040971836737887e+60
7.448115123825197e+59
1.8323138658889765e+59
4.5315345598588203e+58
1.1270246588361415e+58
2.8205119795621157e+57
7.105409761487153e+56
