2.818814465118646e+72
2.0527791102550052e+74
5.504530448991479e+74
8.729387998417452e+74
1.1184105982360621e+75
1.2793129952136054e+75
1.3655692425185866e+75
1.3918381670647261e+75
1.3727344537458342e+75
1.321156109977228e+75
1.2474565060968646e+75
1.1600990282114666e+75
1.065562040544784e+75
9.68778409033473e+74
8.731058027227597e+74
7.811643521232803e+74
6.945238583715891e+74
6.140329117202322e+74
5.402943740849159e+74
4.734306854273854e+74
2.7639065865617883e+74
1.14368128794185e+74
4.498430362746862e+73
1.7103299447348493e+73
6.346426247997181e+72
2.311063698428355e+72
8.293325834106506e+71
2.940427803935822e+71
1.0322056593465157e+71
3.593684564222576e+70
1.242560609644909e+70
4.273609054652412e+69
1.4639665007150794e+69
5.00359590021839e+68
1.7094925364423086e+68
5.851889412869353e+67
2.0129348243016606e+67
6.980457878066105e+66
2.4488134476142032e+66
8.72166615943212e+65
3.1638882486554716e+65
1.1718120157233571e+65
4.434972021409259e+64
1.714512796067368e+64
6.75927676898055e+63
2.709160475202527e+63
1.1003622983697412e+63
4.513944280659869e+62
1.8646366876344003e+62
7.735466295459087e+61
