4.879336471874957e+71
5.861523466535726e+73
2.3325824367935895e+74
4.862779611974484e+74
7.631472456793837e+74
1.0217747996146896e+75
1.2368727501922088e+75
1.3977284469292255e+75
1.5032074495264863e+75
1.557836310028059e+75
1.5686885481623179e+75
1.5442094651130883e+75
1.4923353909104935e+75
1.4206387930281838e+75
1.3350696062829685e+75
1.2412426614007747e+75
1.1433073918373018e+75
1.0446282739277854e+75
9.475907631147247e+74
8.541784619157328e+74
5.465907215289967e+74
2.497519463101517e+74
1.0473582937996698e+74
4.1413996086681726e+73
1.569607627782957e+73
5.765432160416288e+72
2.06785919939989e+72
7.278972345508082e+71
2.524919714184831e+71
8.659703142047534e+70
2.941657847180414e+70
9.920209680205674e+69
3.3254630412263422e+69
1.1094583922655172e+69
3.688762885046358e+68
1.2231606023423926e+68
4.048744215033608e+67
1.339350448934034e+67
4.430709737284839e+66
1.4667929758706035e+66
4.864287498440521e+65
1.617351082483275e+65
5.395630047970497e+64
1.807490133032774e+64
6.087002263017456e+63
2.061422345303332e+63
7.025927524362827e+62
2.412346320287304e+62
8.342183093627828e+61
2.9073460069749363e+61
