2.9463650380696226e+72
2.288455635608062e+74
6.550335477281312e+74
1.083611900091212e+75
1.4305880256348344e+75
1.6752615621683896e+75
1.82364289330856e+75
1.8911472117906463e+75
1.8949933973713628e+75
1.850930294257269e+75
1.7728020061714706e+75
1.6714644773603476e+75
1.5558638120584566e+75
1.4331361269012401e+75
1.308190328250387e+75
1.1852531055078011e+75
1.0666865064362274e+75
9.544878576362849e+74
8.4985276456591e+74
7.533151867485806e+74
4.587008154450218e+74
2.0117081844220295e+74
8.343220861162902e+73
3.333592781784759e+73
1.2967917931357515e+73
4.9435327659976505e+72
1.855120749270688e+72
6.873074541310698e+71
2.520401784738181e+71
9.163565881464924e+70
3.3087194790958364e+70
1.188157647345813e+70
4.2502454537571504e+69
1.517026936612194e+69
5.413256421993301e+68
1.9358197328420936e+68
6.956659905310003e+67
2.5196543904593956e+67
9.230682111984476e+66
3.431361605670461e+66
1.298126709160107e+66
5.008260424196617e+65
1.9722672397783272e+65
7.925374689228375e+64
3.244368209863966e+64
1.349140598422646e+64
5.6828428707289655e+63
2.4177455598663715e+63
1.0354889253554585e+63
4.454707763196431e+62
