2.927075235363729e+72
2.322327539971137e+74
7.068366623895412e+74
1.222106133675267e+75
1.6674502575303856e+75
2.0038203563905648e+75
2.228362857520076e+75
2.3535544898509778e+75
2.3969985311575376e+75
2.3764482063211716e+75
2.3077406599697683e+75
2.2043979980607974e+75
2.077822970052884e+75
1.9370556726272364e+75
1.7888289770042936e+75
1.6389553933970058e+75
1.4913146777341218e+75
1.3487820459844363e+75
1.2133953224992842e+75
1.0865565597012425e+75
6.863047291405106e+74
3.1654964199884216e+74
1.3744582007276997e+74
5.730616007049545e+73
2.320737090031516e+73
9.196757694362718e+72
3.582888907844719e+72
1.37733260675429e+72
5.235838290481388e+71
1.9727499564141975e+71
7.378124207636813e+70
2.743414253704805e+70
1.0159210212404127e+70
3.750697159401339e+69
1.3838275347603396e+69
5.111792336561116e+68
1.8952127957113634e+68
7.071347312211204e+67
2.6639013235608e+67
1.0162862018448096e+67
3.937382357176868e+66
1.5527672824916422e+66
6.242288138699215e+65
2.5581012538528276e+65
1.0677864957956916e+65
4.5308147484586594e+64
1.9490919492046016e+64
8.476793639511603e+63
3.716869604667254e+63
1.6387475071072314e+63
