5.755136379484226e+71
6.318263446848489e+73
2.2319960338645505e+74
4.258134816630968e+74
6.252225569531123e+74
7.965071299520618e+74
9.294096893663592e+74
1.0225249173514523e+75
1.0786523288479601e+75
1.1026288191793258e+75
1.099744565170251e+75
1.0756601890707733e+75
1.0352577816589177e+75
9.83229353516045e+74
9.231417153468862e+74
8.583269393993243e+74
7.914409711262768e+74
7.243075208933413e+74
6.587092561333365e+74
5.954904283660949e+74
3.8723652306084417e+74
1.8341377196332785e+74
8.067256658371931e+73
3.3752582706236247e+73
1.3621603362389686e+73
5.3476574545937415e+72
2.05363166288007e+72
7.741152647625911e+71
2.8724734799189513e+71
1.0507667513169401e+71
3.794980628704742e+70
1.3536874188110398e+70
4.776395285271772e+69
1.6678014006378948e+69
5.771629148589324e+68
1.9820889741525726e+68
6.777869251959805e+67
2.31862153501753e+67
7.990679492959307e+66
2.8009358407817443e+66
1.0110140764904038e+66
3.806194361941468e+65
1.5072073502743196e+65
6.287575829355217e+64
2.746084886136226e+64
1.2413652068758568e+64
5.736256456617059e+63
2.6815333624757567e+63
1.258354833896629e+63
5.897037900993949e+62
