4.359053217333475e+69
2.2699154267170522e+71
3.260864832160517e+71
2.5082938095439567e+71
1.496978678013563e+71
7.831196696772956e+70
3.78078544895082e+70
1.7301558174394974e+70
7.61594101373437e+69
3.2545816959589313e+69
1.3572827149688912e+69
5.558562211018511e+68
2.238215210437453e+68
8.895118256394391e+67
3.492310402974469e+67
1.3582693343096248e+67
5.2307790415921965e+66
1.997624913685409e+66
7.572530514189429e+65
2.8502598384957817e+65
6.322557041699456e+63
1.6809106055720412e+61
3.858728814141311e+58
8.037468226776933e+55
1.5684100211986402e+53
2.9149483006840595e+50
5.224397853185824e+47
9.079996272768641e+44
1.541074704139233e+42
2.561929227773095e+39
4.190840166851949e+36
6.756830631093408e+33
1.075510289598258e+31
1.6928847059313783e+28
2.641169339683852e+25
4.084147202228658e+22
6.27011424427842e+19
9.554400587619763e+16
144647886591059.47
217576791711.34103
325573413.22678727
484268.90783027984
715.6883325615388
1.0525148421864454
0.0015380255227700262
2.23667096953375e-06
3.238424930269268e-09
4.677571801975449e-12
6.7488359201209736e-15
9.784034071105726e-18
