7.025762807836603e+71
4.9848977331756535e+73
1.3710052277046863e+74
2.2216833289157074e+74
2.8837613439816953e+74
3.3193033939426765e+74
3.545352057788609e+74
3.599582176045797e+74
3.522392467390983e+74
3.351403703845407e+74
3.119710327677927e+74
2.852626071119648e+74
2.571054985321092e+74
2.289493295203338e+74
2.0182847982841397e+74
1.764112322834664e+74
1.5308149882508403e+74
1.3201869633053945e+74
1.132370927977934e+74
9.668709486067218e+73
5.0976309919312397e+73
1.8008800170237082e+73
6.0320635717943964e+72
1.9471922025762933e+72
6.112326971571235e+71
1.8764798658979342e+71
5.654700259133799e+70
1.6767283849781827e+70
4.899936230683035e+69
1.4125736698240449e+69
4.01980843182074e+68
1.1295017367136301e+68
3.13510584197939e+67
8.595832717835863e+66
2.329642054385874e+66
6.248891249800501e+65
1.664007968028772e+65
4.4207538100156367e+64
1.1827750169749965e+64
3.2332409328069282e+63
9.202638689564467e+62
2.7816936653046286e+62
9.032422993916453e+61
3.1430925824418324e+61
1.1540662522981668e+61
4.3831159368002976e+60
1.6922268872986803e+60
6.5593118755283045e+59
2.534839773095435e+59
9.726399138470762e+58
