6.468531797468616e+71
6.096698795665711e+73
1.9119627111902247e+74
3.3657635648344677e+74
4.658247647469293e+74
5.664073964798902e+74
6.359412619970124e+74
6.767407843727241e+74
6.92841647511807e+74
6.890484144571075e+74
6.697954176256567e+74
6.392923895188958e+74
6.010678923560958e+74
5.580657789894802e+74
5.126711709436679e+74
4.667082015815238e+74
4.2157323175417415e+74
3.781944012705005e+74
3.372697520403579e+74
2.991719475244589e+74
1.8161951679553246e+74
7.833139435851642e+73
3.164214203321896e+73
1.2233451662376328e+73
4.579335567677638e+72
1.6718434840881569e+72
5.981122843449009e+71
2.103306164181963e+71
7.284375687647965e+70
2.488141321910331e+70
8.390298615350731e+69
2.7950502417248968e+69
9.205133452315812e+68
2.9985439022464447e+68
9.671205166959604e+67
3.094565578076777e+67
9.856232215612343e+66
3.1399614267014754e+66
1.0091581298571312e+66
3.3122942638287536e+65
1.1264066430533789e+65
4.025343459059495e+64
1.5251506578284676e+64
6.120033792136241e+63
2.574240458459504e+63
1.1186036495885034e+63
4.951552760304375e+62
2.2088439592164473e+62
9.858939240697218e+61
4.3822599275387174e+61
