7.144745642905458e+70
1.1898595451779462e+73
5.177777850364803e+73
1.127380740020448e+74
1.8127091901395945e+74
2.461195544043059e+74
3.00254170779868e+74
3.404588010984044e+74
3.660757219336306e+74
3.7818667109382255e+74
3.788560060296767e+74
3.7024555366441055e+74
3.5455610401803575e+74
3.3384269235636116e+74
3.0986490655499643e+74
2.841693906306904e+74
2.578719376321908e+74
2.3183123530134094e+74
2.0672062512642573e+74
1.8299068377106957e+74
1.0836144022481806e+74
4.323398530312398e+73
1.5595354261039196e+73
5.249291397047853e+72
1.6807629865512275e+72
5.184014791276685e+71
1.5535403453949422e+71
4.548918312756754e+70
1.3067719918523198e+70
3.696375582669229e+69
1.031321387806471e+69
2.844835334017385e+68
7.765534479399925e+67
2.100174436896325e+67
5.632788168222699e+66
1.498661816212402e+66
3.95772550905648e+65
1.0379193549412259e+65
2.70271309253797e+64
6.993643687258928e+63
1.7985771462484944e+63
4.599334237647474e+62
1.170485792357855e+62
2.9687073240151263e+61
7.514722395985068e+60
1.904773654919041e+60
4.852281329620422e+59
1.249368884343295e+59
3.274838466034395e+58
8.8015540425547e+57
