1.8453141254678923e+71
3.1172892556544874e+73
1.3993002340289324e+74
3.1659806738414144e+74
5.309593221178778e+74
7.52903739381491e+74
9.594539950331943e+74
1.136296810870041e+75
1.275985011208055e+75
1.3764312684698906e+75
1.4391543835801398e+75
1.4680972117925126e+75
1.4674675217179029e+75
1.4424514031026004e+75
1.3978843360419252e+75
1.3386089596598158e+75
1.2685520913057156e+75
1.1913232265511662e+75
1.1096900143305326e+75
1.0264890446071558e+75
7.212507968149309e+74
3.751817163239113e+74
1.775261103250372e+74
7.877147918554614e+73
3.337592240771527e+73
1.3657151003534613e+73
5.438766763150885e+72
2.1196435249458033e+72
8.113626786737221e+71
3.0590290723045516e+71
1.1379773533446984e+71
4.185480874706222e+70
1.5227349759871672e+70
5.48755743599978e+69
1.959724069687411e+69
6.938932601211364e+68
2.4380636966525424e+68
8.50652247408822e+67
2.9497647204246284e+67
1.0178601116152841e+67
3.502487530000218e+66
1.205709455412669e+66
4.1714097830729544e+65
1.4579746435985123e+65
5.188960733502452e+64
1.895268250763491e+64
7.156687584337417e+63
2.8075619966895213e+63
1.144272801791322e+63
4.8293562280839565e+62
