1.3541410692782468e+71
2.3233019695892862e+73
1.0470407090211802e+74
2.3685789124642185e+74
3.9647536566408315e+74
5.609625425495933e+74
7.130047686466815e+74
8.420031226613395e+74
9.427567005873466e+74
1.0136264447534023e+75
1.0563716417509305e+75
1.0737438403717628e+75
1.0692131568168495e+75
1.0468464175335706e+75
1.0105541313372397e+75
9.6352370126246e+74
9.092129654327944e+74
8.500687119985355e+74
7.883850538829053e+74
7.259367509387123e+74
5.008833260019025e+74
2.5316015651089246e+74
1.1625432169065284e+74
4.999639105512148e+73
2.0513229863823583e+73
8.120851530979272e+72
3.1275979936727133e+72
1.1780052892092702e+72
4.3568371948659523e+71
1.586718452340732e+71
5.703591345570197e+70
2.0261142309271776e+70
7.12356131469547e+69
2.4807770119427246e+69
8.564770348519674e+68
2.932485833785999e+68
9.962804471034509e+67
3.361394055111446e+67
1.12618784204101e+67
3.75080078047878e+66
1.2430623767648784e+66
4.105672107520662e+65
1.3544357227068916e+65
4.4767019028666354e+64
1.488966454140676e+64
5.012267458499331e+63
1.719610065255926e+63
6.05652073937387e+62
2.2020411295654846e+62
8.302324846595364e+61
