2.7798520429071616e+71
4.365290898986491e+73
1.887871631642265e+74
4.1630222720705775e+74
6.843130165460672e+74
9.549125416726634e+74
1.2010866413447366e+75
1.4071386689708311e+75
1.5662220785746308e+75
1.6777157887277878e+75
1.7445087844501584e+75
1.7714051960811288e+75
1.7647440628665888e+75
1.7299949299543947e+75
1.6735301298165194e+75
1.600332506720249e+75
1.515275320964706e+75
1.4224520651371982e+75
1.3251377933073257e+75
1.2263233947283198e+75
8.65175167517986e+74
4.558902451787995e+74
2.1978023745894117e+74
9.977006572960084e+73
4.33772040962923e+73
1.8253881242129762e+73
7.486856755797835e+72
3.0074746075539215e+72
1.187258090487687e+72
4.61783831419383e+71
1.7725831525843951e+71
6.722998528088076e+70
2.522500687390093e+70
9.368165239927397e+69
3.4483681070099805e+69
1.2581663697975145e+69
4.556408894893159e+68
1.6401232977652657e+68
5.881074350552922e+67
2.1068575414002185e+67
7.577220064316956e+66
2.753441973327937e+66
1.0185654712780822e+66
3.873074730882539e+65
1.5258769447588127e+65
6.262746517753599e+64
2.67884524348458e+64
1.1887516000837336e+64
5.428892436175995e+63
2.5296051511354028e+63
