1.6565732201719347e+71
2.826648363503345e+73
1.273410124196364e+74
2.886055000063454e+74
4.844022883481338e+74
6.872122493856488e+74
8.760142492930329e+74
1.0374542986199654e+75
1.1647027875444007e+75
1.2561383174166116e+75
1.3129877143316878e+75
1.3385553863941738e+75
1.3370815161490214e+75
1.3132705960416294e+75
1.2718070116717024e+75
1.2166431811080713e+75
1.1517638272125689e+75
1.0805595316956306e+75
1.0055575366218167e+75
9.290943482373682e+74
6.496767838803372e+74
3.352689305764309e+74
1.5724025749504586e+74
6.911366493895539e+73
2.898639660922876e+73
1.1736075121646972e+73
4.62375429095759e+72
1.781760214554785e+72
6.74238757015208e+71
2.512665335879927e+71
9.237761177590736e+70
3.357044917127938e+70
1.207127257146281e+70
4.298086010885432e+69
1.5167998288183778e+69
5.305995435810785e+68
1.8417697195349162e+68
6.34606767552637e+67
2.172415789932976e+67
7.394921293646573e+66
2.5074737130527407e+66
8.48985808479625e+65
2.8796666719746263e+65
9.832220570891462e+64
3.401361329153647e+64
1.2008119737748537e+64
4.359978766078578e+63
1.638109616327967e+63
6.39294577106521e+62
2.587552209800483e+62
