5.8714300352563255e+71
6.349137269881262e+73
2.2130803127756019e+74
4.1819312766055684e+74
6.095876426402226e+74
7.72034863873823e+74
8.966889386976289e+74
9.826881339084002e+74
1.0330214218275616e+75
1.0525533352790313e+75
1.0467498170769867e+75
1.0208915011502195e+75
9.800161027069261e+74
9.284032773285488e+74
8.69656696312918e+74
8.067803771373307e+74
7.421958004254617e+74
6.77769222204572e+74
6.149828107145459e+74
5.548226375223443e+74
3.5809726284510243e+74
1.6788088942712132e+74
7.313805526166506e+73
3.033294505408992e+73
1.2139765841213157e+73
4.727394092495298e+72
1.8010146925253287e+72
6.737218010535603e+71
2.480269559501262e+71
9.001715144336607e+70
3.225334173284677e+70
1.1417621663359155e+70
3.996796878675025e+69
1.3844614686588752e+69
4.752079494672563e+68
1.6192824587407707e+68
5.493601701515534e+67
1.8651950016348686e+67
6.38261232622581e+66
2.2243298038329144e+66
7.996115209110132e+65
3.00209929212806e+65
1.1869771311945537e+65
4.9473776446597623e+64
2.1576707262022825e+64
9.7313116142353e+63
4.481915956249921e+63
2.0858381046691673e+63
9.73597886285738e+62
4.536173058706971e+62
