6.318674968874986e+71
6.305631145355773e+73
2.0593166435991213e+74
3.7225589246593114e+74
5.252036492352084e+74
6.483384500154912e+74
7.371959463815023e+74
7.932166534772109e+74
8.203605562525587e+74
8.235291353535852e+74
8.076114471158424e+74
7.774222269011257e+74
7.369716591364954e+74
6.897027327752995e+74
6.385188906689172e+74
5.856723795631617e+74
5.328795632986543e+74
4.814933454029543e+74
4.3237817949040227e+74
3.861694265185884e+74
2.4024453633639137e+74
1.0714305528716369e+74
4.4617621405164347e+73
1.7744151672053862e+73
6.8241192776065165e+72
2.557120957504964e+72
9.38562067304655e+71
3.3834768496784813e+71
1.201453087813444e+71
4.206034273255099e+70
1.4534995959891836e+70
4.963217403327178e+69
1.6751189937477727e+69
5.593629812941524e+68
1.8506577861083298e+68
6.077901848981159e+67
1.9877224666003163e+67
6.510736584552382e+66
2.154022746837244e+66
7.282774941654849e+65
2.553180102734392e+65
9.399988651806023e+64
3.663220981666909e+64
1.507624728440901e+64
6.490579197036622e+63
2.88143395772779e+63
1.3018989772497563e+63
5.925455392847287e+62
2.6986495750100344e+62
1.2242953793707002e+62
