6.811405692911968e+71
5.772753634438186e+73
1.7074784628937868e+74
2.894607538984956e+74
3.8936423919713924e+74
4.62361021580181e+74
5.083866489443731e+74
5.307032345563229e+74
5.335870289440566e+74
5.214778118001785e+74
4.983662049216394e+74
4.678814966374988e+74
4.328203715288321e+74
3.954885943726054e+74
3.576670506350303e+74
3.206454109015609e+74
2.8526906198641303e+74
2.5213400737678555e+74
2.2156476816075838e+74
1.9374663966661897e+74
1.1157315232547981e+74
4.466207477633853e+73
1.6825403775283193e+73
6.0834841311784144e+72
2.1336999088851545e+72
7.307368908002175e+71
2.4543003698251766e+71
8.106052504181885e+70
2.6375852009137232e+70
8.46483426726233e+69
2.6817488081560655e+69
8.389496406321873e+68
2.594279088397643e+68
7.930105904090279e+67
2.3994821454095795e+67
7.198357375337931e+66
2.148577444979206e+66
6.417587574356608e+65
1.9374595602264426e+65
5.990639143629474e+64
1.929734191356337e+64
6.5779931569073945e+63
2.391033571536506e+63
9.230830779043553e+62
3.734868471300957e+62
1.5568955249390496e+62
6.590754740106534e+61
2.802082030410381e+61
1.1890670705420741e+61
5.0166218142702486e+60
