5.983108249074797e+71
2.1431809474782345e+73
5.245242638216806e+73
7.606401899760397e+73
8.774927000591887e+73
8.929694455889487e+73
8.39157536738213e+73
7.460464777169091e+73
6.363594111296835e+73
5.254209594926523e+73
4.225182494373221e+73
3.325791830402016e+73
2.5706453534537068e+73
1.956934516883829e+73
1.470528484690256e+73
1.0930551405589926e+73
8.049738143412523e+72
5.882856843083357e+72
4.271558401344347e+72
3.0849307648735584e+72
8.564206615452614e+71
1.181064631238836e+71
1.6431314683699158e+70
2.3292333102154938e+69
3.3314716656017345e+68
4.756651007641159e+67
6.7347033127262495e+66
9.42817901245182e+65
1.3032055589970788e+65
1.7774767327010557e+64
2.3915357461371647e+63
3.172612470932485e+62
4.1477736185997854e+61
5.338023573521572e+60
6.757038934498136e+59
8.404950604515951e+58
1.0266441686911507e+58
1.2323554200981836e+57
1.459363746856199e+56
1.7226375951510881e+55
2.0713707336331845e+54
2.6351846917254303e+53
3.7107387354081723e+52
5.9304497617291986e+51
1.0570085046629351e+51
2.011162423639497e+50
3.9241997807597264e+49
7.661726086527316e+48
1.479100602112672e+48
2.8103071237567092e+47
