3.327332321910201e+71
4.9275556077880224e+73
2.0708190048532582e+74
4.4726617166281436e+74
7.231497603074322e+74
9.954051191752114e+74
1.2377428493492206e+75
1.4364948300400777e+75
1.5861003045214345e+75
1.6878091835858558e+75
1.7449336138498754e+75
1.763113129293945e+75
1.7486120229839817e+75
1.707869602912419e+75
1.6466087728990934e+75
1.569828095932735e+75
1.4824235968006719e+75
1.3881592077078577e+75
1.2903146535442733e+75
1.1916749331291203e+75
8.355428522499482e+74
4.377354022223957e+74
2.1050950382908202e+74
9.554757242086863e+73
4.160550324622427e+73
1.7560702721555385e+73
7.231623050718644e+72
2.919126536858222e+72
1.1587600578259954e+72
4.533022173523362e+71
1.7508073116398066e+71
6.681478739727907e+70
2.5232597248677116e+70
9.436345424613884e+69
3.495983494297704e+69
1.2848546472656773e+69
4.689717074350595e+68
1.7030121178226664e+68
6.171894473979817e+67
2.241013629204284e+67
8.20447818610594e+66
3.0517799956323485e+66
1.1641281731011693e+66
4.595362805134503e+65
1.8900284039665591e+65
8.115349202804867e+64
3.623707041509486e+64
1.670465797236752e+64
7.876502733993766e+63
3.764935895279186e+63
