6.011563038879661e+70
9.756891324913885e+72
4.157199980038296e+73
8.852963377589918e+73
1.3922491071162843e+74
1.848768551430514e+74
2.2061430738810073e+74
2.448427565007385e+74
2.577851619983551e+74
2.608970398178057e+74
2.5607189316662103e+74
2.4527597630438793e+74
2.30198551424576e+74
2.1252524666265666e+74
1.9340193273311156e+74
1.7390073175683911e+74
1.5472379041834103e+74
1.3637942336999066e+74
1.192506565366925e+74
1.0348404861795432e+74
5.676303868945495e+73
2.0113907162149646e+73
6.427610308540503e+72
1.9135508982963457e+72
5.412008266142288e+71
1.4734379561246416e+71
3.8946812078697184e+70
1.0054118673822856e+70
2.5465464490425376e+69
6.347802725927834e+68
1.560915523139665e+68
3.793271131217517e+67
9.124552268228024e+66
2.1740564413434344e+66
5.137544733124189e+65
1.2041638129924891e+65
2.802535016712123e+64
6.4755916195031166e+63
1.4862974852300209e+63
3.388637751029803e+62
7.67820611164918e+61
1.7295236532704773e+61
3.87413371101455e+60
8.64523346937631e+59
1.9227622563169657e+59
4.274778607974233e+58
9.528957860137171e+57
2.1409136209017327e+57
4.877220801833632e+56
1.1354920217104902e+56
