6.618558213395572e+71
5.952690699161769e+73
1.8162450797037192e+74
3.140941968771001e+74
4.2891910185001446e+74
5.158490510178779e+74
5.737039877861563e+74
6.052202999828889e+74
6.145409032888869e+74
6.064279766738057e+74
5.850733222839523e+74
5.542761005882938e+74
5.174369139375144e+74
4.770861907720721e+74
4.3526223585198735e+74
3.9355672252398e+74
3.5312404844002816e+74
3.1474239371849865e+74
2.7885563258337065e+74
2.4581537938512837e+74
1.458334087627269e+74
6.087747456966688e+73
2.386061236108979e+73
8.960548538259496e+72
3.2612102020035147e+72
1.158300624525192e+72
4.032728423865375e+71
1.3804172260269038e+71
4.654469466529217e+70
1.5479118717880984e+70
5.082357373730705e+69
1.6481862457087174e+69
5.283117710823554e+68
1.6747704587783532e+68
5.255529762678218e+67
1.6359287373231647e+67
5.066844340282574e+66
1.5702976116690593e+66
4.911925806799235e+65
1.57103227022394e+65
5.2169158264703565e+64
1.825683861155498e+64
6.792665057236136e+63
2.680097816974535e+63
1.1086127214563646e+63
4.732877749612202e+62
2.0560003483524209e+62
8.987245948776248e+61
3.9261481151007556e+61
1.7070096926897804e+61
