5.99364483172658e+71
6.367166173453631e+73
2.1865133416784713e+74
4.088960708019739e+74
5.914830347934059e+74
7.446280338063286e+74
8.604669991949998e+74
9.389146740432424e+74
9.832585405008036e+74
9.984584399009884e+74
9.897765894122615e+74
9.624937915821557e+74
9.21289762882362e+74
8.703225097511689e+74
8.130220901989214e+74
7.523052235421481e+74
6.902992985035313e+74
6.288804867366372e+74
5.693643989961095e+74
5.124584122449984e+74
3.279774247325381e+74
1.5199864853268534e+74
6.55394847327591e+73
2.6919006899947885e+73
1.0674422879399515e+73
4.120310435191518e+72
1.556347206417386e+72
5.772053597280674e+71
2.1072565433848911e+71
7.585759462968957e+70
2.695135215940468e+70
9.461414033296244e+69
3.2838488741171936e+69
1.1280502017346108e+69
3.8386514054450523e+68
1.2970359809444716e+68
4.364045361712918e+67
1.469820803506666e+67
4.9931103362998155e+66
1.7295243709425374e+66
6.189477875529588e+65
2.3168023113282434e+65
9.146078850095838e+64
3.807797207638715e+64
1.6582656646533327e+64
7.462114671246666e+63
3.424351247519697e+63
1.5862532539980541e+63
7.365643608480696e+62
3.4113574965641823e+62
