7.143452047408748e+71
4.37630794535644e+73
1.1521783007889662e+74
1.8148372937321168e+74
2.2981544965408366e+74
2.583753082900317e+74
2.6972074081247933e+74
2.675984511017577e+74
2.5588656212862e+74
2.3788742284076253e+74
2.1630560884886561e+74
1.9320469888841395e+74
1.7005749221204487e+74
1.4789884224391273e+74
1.2733791514308852e+74
1.0872053039451867e+74
9.21647253782836e+73
7.766641059480972e+73
6.511462814645265e+73
5.435429901862276e+73
2.6344756096185512e+73
8.253058603005509e+72
2.465750051488375e+72
7.122491559277336e+71
2.0038457501835753e+71
5.517591936814548e+70
1.4915893860357562e+70
3.968043149271597e+69
1.0402064974684136e+69
2.6899530106592046e+68
6.863547671427299e+67
1.728578781072425e+67
4.29701073067627e+66
1.0542142061647278e+66
2.554002768087667e+65
6.113161075363138e+64
1.44963429557887e+64
3.4215441840797345e+63
8.109149009177223e+62
1.9593671219345474e+62
4.931399654907422e+61
1.3231035463784853e+61
3.8415959693184285e+60
1.2052138507251664e+60
4.0125026471186388e+59
1.384998913961582e+59
4.8590468761895146e+58
1.7094818362605555e+58
5.9856773278199445e+57
2.077627024129394e+57
