2.0800586406247653e+71
3.472798833060202e+73
1.549913047265568e+74
3.492868286500248e+74
5.841327209059259e+74
8.263862780164508e+74
1.0511752987927554e+75
1.2429838863576328e+75
1.3941896533614699e+75
1.5027720175337184e+75
1.5704540171558531e+75
1.6016097865749289e+75
1.6006574826648258e+75
1.573435231470541e+75
1.5252548099672037e+75
1.4611343385523961e+75
1.385108518089035e+75
1.301588086625692e+75
1.2133857662198654e+75
1.1233447570854513e+75
7.918987060603482e+74
4.1473654639635897e+74
1.978342769622566e+74
8.85788675226923e+73
3.7891715158725507e+73
1.566512993139393e+73
6.304515809938332e+72
2.483326484397628e+72
9.607749532438702e+71
3.6615984816898917e+71
1.3771444220054794e+71
5.1183136914301924e+70
1.8822030120109046e+70
6.854081454655872e+69
2.4730067687139103e+69
8.848005446710721e+68
3.140897086813129e+68
1.1072325332305148e+68
3.880294499586225e+67
1.354813444667198e+67
4.723551967809986e+66
1.6515509706242066e+66
5.822170352581005e+65
2.0833420384849023e+65
7.632813384900587e+64
2.885352573027142e+64
1.1329509721413015e+64
4.628157095772364e+63
1.962207561571095e+63
8.580999776067362e+62
