7.96324655393335e+69
6.249327626277032e+71
1.3824762601034612e+72
1.6083911239546298e+72
1.428565123278473e+72
1.0966429846841478e+72
7.696306516909088e+71
5.0842204152523405e+71
3.214811125800919e+71
1.9672799113634835e+71
1.1731520924817207e+71
6.852915833633649e+70
3.9349083261494026e+70
2.2256643518394146e+70
1.2433032910989602e+70
6.868685458698002e+69
3.759009848532928e+69
2.038109433985282e+69
1.0962826723715862e+69
5.851202293364194e+68
4.9522465379477114e+67
1.0045734591992206e+66
1.7823015026317873e+64
2.897607552008638e+62
4.436414110824688e+60
6.508558148667888e+58
9.23323893319208e+56
1.2759464910013702e+55
1.723722535787645e+53
2.2883519748352496e+51
2.987541179713281e+49
3.8459688056635965e+47
4.891663335365006e+45
6.15192037368394e+43
7.661125823073187e+41
9.459379767180257e+39
1.1579972651351723e+38
1.4071776188047515e+36
1.6979816357324565e+34
2.0332403101734944e+32
2.4198485415004305e+30
2.859665462583167e+28
3.358557599340018e+26
3.916878944584863e+24
4.540282253084337e+22
5.2330594353225014e+20
6.002823521943931e+18
6.862860041312391e+16
784159228202100.4
9006473581929.773
