4.8523670432966745e+70
7.664102549766731e+72
3.169711543746284e+73
6.558521047863355e+73
1.0025708551151939e+74
1.2951567321046231e+74
1.505125937632137e+74
1.6269966944283878e+74
1.6696571185945545e+74
1.6483981064315004e+74
1.5782067755126041e+74
1.475173104725965e+74
1.351706753161869e+74
1.2178842769635305e+74
1.082443650907865e+74
9.503000534622463e+73
8.256144951920864e+73
7.105534023741951e+73
6.06459833928087e+73
5.139937585703258e+73
2.5695487840370328e+73
7.89585213532864e+72
2.1822507092132507e+72
5.608205706736906e+71
1.368048231479638e+71
3.209415731333558e+70
7.305318762970255e+69
1.6236330830445323e+69
3.5393715313074023e+68
7.591279773253115e+67
1.6059503860690384e+67
3.3572779684378336e+66
6.946274195342481e+65
1.4237700896832143e+65
2.8932463765914055e+64
5.8341236932942476e+63
1.1674671455053288e+63
2.320344615789765e+62
4.5807133511080504e+61
8.98373482016778e+60
1.7506396439691358e+60
3.3907110303185884e+59
6.530980567718013e+58
1.2515189398814619e+58
2.389485155501337e+57
4.553089635345804e+56
8.680933782342923e+55
1.6641940866473042e+55
3.224773608299272e+54
6.362898136667144e+53
