3.958078153861637e+70
6.044840992758447e+72
2.403039927742821e+73
4.7831880917707195e+73
7.039039578688521e+73
8.76369960147184e+73
9.824859267280486e+73
1.025655678900903e+74
1.0173515690518255e+74
9.710960418304686e+73
8.995327140281327e+73
8.138731124648348e+73
7.219871043050739e+73
6.3031560156868e+73
5.4262856492576555e+73
4.6154483865228535e+73
3.886022029017156e+73
3.2403302618051357e+73
2.679864643079913e+73
2.19995077075144e+73
9.739156304643629e+72
2.480262606456798e+72
5.662923850860497e+71
1.1999087674415304e+71
2.4096849860966104e+70
4.649941838291812e+69
8.702971799471875e+68
1.589499747982979e+68
2.8472603555469916e+67
5.015997322947269e+66
8.71335911471592e+65
1.4959596512054929e+65
2.540923923358576e+64
4.274955581825284e+63
7.132048639167251e+62
1.1806286821138764e+62
1.9401779818863484e+61
3.1655623399982096e+60
5.13025319254889e+59
8.261399892433772e+58
1.322147182018638e+58
2.1021831088222937e+57
3.3231936808449365e+56
5.225425525878894e+55
8.178426636541117e+54
1.2761224667221147e+54
1.9903663125278485e+53
3.112642331217546e+52
4.9065530530392274e+51
7.850234256811934e+50
