1.0704526529715084e+71
1.1762789940761318e+73
3.382258405000983e+73
5.146436250884507e+73
6.038139390500766e+73
6.170949829493525e+73
5.790162131643715e+73
5.124638202097893e+73
4.345116504382056e+73
3.562838607970507e+73
2.84303309291279e+73
2.2182726095465686e+73
1.69787320740055e+73
1.278585904671261e+73
9.487532478168739e+72
6.95046563380321e+72
5.0327849947350636e+72
3.607841542856527e+72
2.5628550762466905e+72
1.8049083534806703e+72
4.4078286774241207e+71
4.502379721748617e+70
4.1120865623091554e+69
3.4913435761576e+68
2.81913730735815e+67
2.1964304076671742e+66
1.6659601622150564e+65
1.2383672510512802e+64
9.055700074271023e+62
6.53761662447313e+61
4.665487139158748e+60
3.297681202322098e+59
2.3092931821977045e+58
1.6036171288858765e+57
1.1046284427611162e+56
7.541931891840112e+54
5.107195416493267e+53
3.4298474722619684e+52
2.2826717544800078e+51
1.5052326142221902e+50
9.827328319262531e+48
6.354971059541014e+47
4.0661383053939394e+46
2.5764752628210303e+45
1.617499856562297e+44
1.0090339138452668e+43
6.2836969359884015e+41
3.9364471948140247e+40
2.5154568297614826e+39
1.6690062633024254e+38
