1.4855842158684342e+70
1.583554241925536e+72
4.616495385572591e+72
6.860775452872882e+72
7.638852484161477e+72
7.26478098919072e+72
6.269595067738633e+72
5.071213630407552e+72
3.914787807002459e+72
2.920673188151953e+72
2.1217848978200223e+72
1.5079542806837732e+72
1.05335412720464e+72
7.248143956477841e+71
4.922983262006353e+71
3.305790185786385e+71
2.1981111413612262e+71
1.4482584053059234e+71
9.463649174178968e+70
6.13782037272081e+70
1.096734722796792e+70
6.953030184649194e+68
3.891195225369566e+67
2.004001252151221e+66
9.748980919810762e+64
4.5462255038395785e+63
2.0546121079612642e+62
9.05718410302891e+60
3.90883833741566e+59
1.6584815374570216e+58
6.936526943022151e+56
2.862853702775716e+55
1.1684579068152331e+54
4.724328021897797e+52
1.892629349211363e+51
7.518859044408527e+49
2.964591156388422e+48
1.1605448591861422e+47
4.512047669766818e+45
1.7426888229787984e+44
6.685461446841756e+42
2.5479080518434484e+41
9.651012363462011e+39
3.630809320558974e+38
1.3579885377758675e+37
5.0490134034759606e+35
1.8703015102144633e+34
6.906517027673019e+32
2.5538184759998516e+31
9.495071495447156e+29
