1.2287478067929865e+71
2.1070230678255553e+73
9.47815109463662e+73
2.1387406315402887e+74
3.5710301764316945e+74
5.037538478976886e+74
6.3858691207045e+74
7.520602168192357e+74
8.395566019902459e+74
9.004047284703657e+74
9.357300716729962e+74
9.485639231092258e+74
9.42155010007379e+74
9.200005472535096e+74
8.857293256907131e+74
8.422388571685709e+74
7.926119676113257e+74
7.390760636067518e+74
6.8347951597335e+74
6.276516719405466e+74
4.285826592147076e+74
2.131595732536038e+74
9.62817820350361e+73
4.0721046883157255e+73
1.642735321082952e+73
6.394770052397145e+72
2.420649227144639e+72
8.962668396374718e+71
3.257609298816265e+71
1.166030485349558e+71
4.1184579945942827e+70
1.4378490701367836e+70
4.967859933307019e+69
1.700437598782391e+69
5.76979209457699e+68
1.9418893711860753e+68
6.486075231425673e+67
2.1509351300149615e+67
7.085510879121863e+66
2.319905842511695e+66
7.554895095033303e+65
2.4508940329316234e+65
7.933786786663161e+64
2.5698811951754357e+64
8.36097280654897e+63
2.745291523438985e+63
9.157533104413529e+62
3.1241352300493912e+62
1.0979489945700757e+62
3.993614821134042e+61
