6.114230987463831e+71
6.373788837646065e+73
2.154088680856162e+74
3.984472958091258e+74
5.716897848934906e+74
7.151074991543423e+74
8.221345016217597e+74
8.92857880347421e+74
9.312829994888057e+74
9.420948115562133e+74
9.306410266530186e+74
9.021133967522394e+74
8.60786453081419e+74
8.107023276020125e+74
7.551575494500114e+74
6.967620388715702e+74
6.376578213524057e+74
5.793799400275449e+74
5.231403507748563e+74
4.696864965172895e+74
2.9787733027947374e+74
1.3634623730849716e+74
5.813097301001745e+73
2.36238644232363e+73
9.274905162687028e+72
3.545864643569511e+72
1.3266308907422158e+72
4.875082148737338e+71
1.7636759072146594e+71
6.290745543881494e+70
2.2148348675450207e+70
7.703699201681583e+69
2.649754788251532e+69
9.017905822633308e+68
3.040679077166217e+68
1.017859200568533e+68
3.3944374927420856e+67
1.1334172047125408e+67
3.8208118406071194e+66
1.3149286549960508e+66
4.683197995390773e+65
1.7478049362267447e+65
6.889398931007805e+64
2.8651318726233565e+64
1.2458237902261746e+64
5.5905172638581475e+63
2.5556222508716733e+63
1.1781168208586902e+63
5.439200708836778e+62
2.5033404451016564e+62
