6.223765383664826e+71
6.358372257209694e+73
2.1135849908658168e+74
3.8654842419864067e+74
5.500042876252975e+74
6.834586610483838e+74
7.814643816625864e+74
8.448269686621194e+74
8.773918974834503e+74
8.842578287223977e+74
8.704148499180481e+74
8.408359726059535e+74
7.997301454061025e+74
7.508631148954232e+74
6.972483364877163e+74
6.414077493938652e+74
5.853889190792936e+74
5.304105421943257e+74
4.775608611916464e+74
4.2762717270772145e+74
2.6864815616703886e+74
1.213701366945444e+74
5.113721652320798e+73
2.0554260861304283e+73
7.98465699101965e+72
3.0213839631121118e+72
1.11930664773665e+72
4.0725554529951153e+71
1.4589095471996106e+71
5.153646069240112e+70
1.7969879733733288e+70
6.189407129932757e+69
2.1079254603051363e+69
7.104069868543524e+68
2.3715505633681978e+68
7.858613249187818e+67
2.594655609646157e+67
8.577595152870578e+66
2.8649160228345076e+66
9.774275848829456e+65
3.455417450106396e+65
1.2819479811389676e+65
5.028461561541566e+64
2.082190124173533e+64
9.013244509064907e+63
4.0233965622541305e+63
1.8285572639176842e+63
8.374572046510253e+62
3.838137031067353e+62
1.7531878372098814e+62
