1.022223571980576e+71
1.7446405505643986e+73
7.802686566366937e+73
1.7478768670562625e+74
2.894156891849096e+74
4.047558391991477e+74
5.084970742901577e+74
5.935560868569909e+74
6.568102241234481e+74
6.982477099112579e+74
7.193316065543098e+74
7.228726211994414e+74
7.117227677646663e+74
6.888739778026684e+74
6.575236245290017e+74
6.198141568941597e+74
5.782710029543408e+74
5.345159989992932e+74
4.900478552015491e+74
4.460295816388172e+74
2.9436368491930883e+74
1.3893132842794245e+74
5.952501029638387e+73
2.387234595254838e+73
9.127901995139815e+72
3.367275555299848e+72
1.2084798980350615e+72
4.2405938587607605e+71
1.4612644982167375e+71
4.959067221762297e+70
1.6611047529153818e+70
5.500564119150985e+69
1.8030050570834023e+69
5.856808765365459e+68
1.8866192167058392e+68
6.029234829490618e+67
1.9127062880377675e+67
6.024965553615745e+66
1.885783245682766e+66
5.865945839517005e+65
1.8147094837587756e+65
5.5888377737814e+64
1.7157835614955114e+64
5.26195526981029e+63
1.6161801036441817e+63
4.994743633736803e+62
1.5608687380343175e+62
4.9651963094301083e+61
1.6188022689929036e+61
5.445753538033398e+60
