5.634904353259939e+71
6.28167058586542e+73
2.2478633621583837e+74
4.327377732076334e+74
6.396190480618915e+74
8.191663448252974e+74
9.600420948334706e+74
1.0601418590807141e+75
1.1219413171504152e+75
1.1501663319450142e+75
1.1502158296387453e+75
1.1277852459702534e+75
1.0879874600077032e+75
1.0354898684645988e+75
9.744426731795593e+74
9.079250429844183e+74
8.387609931685112e+74
7.691213830056982e+74
7.006646388922905e+74
6.346699404224696e+74
4.1537434182653583e+74
1.985235725569306e+74
8.801618317609734e+73
3.709763108182867e+73
1.507847989201407e+73
5.959979682514519e+72
2.3038672403489484e+72
8.741695823672672e+71
3.2646661601837834e+71
1.2018504357448583e+71
4.36801285809944e+70
1.5686942192014953e+70
5.571310734159597e+69
1.958116884570259e+69
6.820497474571704e+68
2.3584349350881577e+68
8.117666649474607e+67
2.793411226593183e+67
9.681217068413599e+66
3.4098648256880836e+66
1.2349212578550746e+66
4.657691271584565e+65
1.8455585422555485e+65
7.700578036296973e+64
3.3646003628029777e+64
1.5230808207016234e+64
7.055235831287274e+63
3.30875124963427e+63
1.5588757999624855e+63
7.3382085329825325e+62
