7.171805367579284e+71
3.648396013638312e+73
9.23923773614981e+73
1.413671190771464e+74
1.7404649824760773e+74
1.9015334238400604e+74
1.927810722937609e+74
1.8563752306629033e+74
1.7215976456187197e+74
1.5510553292201447e+74
1.365811068265853e+74
1.180818485325044e+74
1.0055937772585962e+74
8.458851917770568e+73
7.042852939033122e+73
5.81397804619286e+73
4.765655981726144e+73
3.883488930217627e+73
3.149266381455725e+73
2.543543008655364e+73
1.0896571081416472e+73
2.8611325937045254e+72
7.234697530852077e+71
1.7780652002946576e+71
4.265516000910948e+70
1.0021251118847766e+70
2.3122849432146205e+69
5.248189678095312e+68
1.1734626892859418e+68
2.586682244979934e+67
5.62288873358579e+66
1.2055076445506458e+66
2.5486906765103743e+65
5.312470382758659e+64
1.0913583464974164e+64
2.2109503861002238e+63
4.424133252054525e+62
8.777253622761337e+61
1.7403771068558298e+61
3.502198636981788e+60
7.32032714460197e+59
1.636140918047177e+59
3.996129492527183e+58
1.0675004884321759e+58
3.055612451284788e+57
9.11034934390653e+56
2.7620315353314907e+56
8.386384414476982e+55
2.5286270035629677e+55
7.543314291758015e+54
