8.579581168417589e+70
1.4510784040175243e+73
6.419565374599084e+73
1.4211893624452207e+74
2.3242087119094063e+74
3.209526473726356e+74
3.9807125082761244e+74
4.587717590498355e+74
5.013769465512945e+74
5.263876740197324e+74
5.355509383066222e+74
5.316092438259913e+74
5.170678531092689e+74
4.943780190364555e+74
4.660701214827595e+74
4.341295766689409e+74
3.9998609569723693e+74
3.651769482147523e+74
3.3069815071763103e+74
2.973232456684166e+74
1.869752008469079e+74
8.187102147776083e+73
3.247570676908844e+73
1.2040936172816797e+73
4.25140034776269e+72
1.447163329919447e+72
4.788547880329085e+71
1.548914769931471e+71
4.917562537969838e+70
1.5371140130285154e+70
4.7427849133020474e+69
1.44604726779175e+69
4.365707493291904e+68
1.3058229926316877e+68
3.8721559073590256e+67
1.1395251067095164e+67
3.3282522895375028e+66
9.649756535433115e+65
2.7804837156339723e+65
7.959109210154432e+64
2.2648347376359654e+64
6.412296097564941e+63
1.8080202538714134e+63
5.085778386853655e+62
1.4300578758269947e+62
4.033686765716233e+61
1.1474115973530499e+61
3.3098757699727814e+60
9.752349063528275e+59
2.9562844887940618e+59
