6.960484329324519e+71
2.8733155759440485e+73
7.081163653837856e+73
1.0529317003703251e+74
1.2555259200803715e+74
1.325514958216293e+74
1.296379160927917e+74
1.2020969930772148e+74
1.0717191537229133e+74
9.267771345651891e+73
7.822485152465075e+73
6.473669395523e+73
5.2717616438363374e+73
4.2362198049996106e+73
3.366048999994665e+73
2.6504075899420448e+73
2.0712063287462e+73
1.6086717204342172e+73
1.2430742152700226e+73
9.566774558233369e+72
3.4147681858605292e+72
6.902318181006782e+71
1.3703914342208626e+71
2.679691387094174e+70
5.150538958777543e+69
9.727165692748044e+68
1.8061375652922246e+68
3.300772989610776e+67
5.94283749207546e+66
1.054736753072898e+66
1.8455088825791848e+65
3.1831233576553286e+64
5.410675115213053e+63
9.057779986055896e+62
1.4928216113981507e+62
2.421280644844485e+61
3.8668974828855466e+60
6.096058689519775e+59
9.548962956833681e+58
1.5060081317283777e+58
2.4514472303844617e+57
4.261341943889897e+56
8.169812299929306e+55
1.7423960611459605e+55
4.0440172303523895e+54
9.858815588411161e+53
2.44967488587933e+53
6.089080132774201e+52
1.4999214091828602e+52
3.646320650124133e+51
