2.3751679533829295e+71
3.873537980357069e+73
1.7091808273659085e+74
3.823113700048149e+74
6.356176043183297e+74
8.951033161708683e+74
1.1342853909658594e+75
1.3371071696093582e+75
1.4957383396829296e+75
1.6090462904773415e+75
1.6788568531545841e+75
1.7097417773846689e+75
1.7071493379120767e+75
1.6772652209268535e+75
1.62518311849791e+75
1.5563679654299054e+75
1.4754877773250842e+75
1.386344521349456e+75
1.2925709956639495e+75
1.1967645315871462e+75
8.454011467435717e+74
4.448041639723081e+74
2.135202343776701e+74
9.633528041182133e+73
4.1563284142069496e+73
1.7337157695014967e+73
7.0442262690112155e+72
2.8013776189887416e+72
1.0944854298792064e+72
4.2115449369400087e+71
1.599112550065302e+71
6.001172129987944e+70
2.227614368393229e+70
8.186887043710698e+69
2.981148629373069e+69
1.0761099629961284e+69
3.8546599681639105e+68
1.3716300099012153e+68
4.856381236836605e+67
1.714991399735397e+67
6.060591317210053e+66
2.1545863182039284e+66
7.758563158653548e+65
2.852848352723007e+65
1.0805699995462919e+65
4.2462717658610656e+64
1.7383852980428914e+64
7.400052622868111e+63
3.260015754700953e+63
1.4731909359179251e+63
