6.352340397525434e+71
6.197631584777386e+73
1.9884319868770394e+74
3.554006555576741e+74
4.973507396278955e+74
6.101955677028777e+74
6.903118528819774e+74
7.396429197052155e+74
7.620285175860069e+74
7.622133201336115e+74
7.451403154536266e+74
7.150256905665041e+74
6.758697109498446e+74
6.307063822472151e+74
5.823539921445901e+74
5.327273090750048e+74
4.835058285019756e+74
4.3577971265824116e+74
3.9041088164582865e+74
3.4788603031323595e+74
2.1468522628700223e+74
9.472765006147931e+73
3.9082396950802e+73
1.5414097031665578e+73
5.882280641935369e+72
2.1884963343815403e+72
7.97599001053208e+71
2.8565794739727398e+71
1.0075071746773079e+71
3.504813156336871e+70
1.2033367651330561e+70
4.0825073118765366e+69
1.369144324300243e+69
4.543441426750333e+68
1.4930715724309558e+68
4.868803329722652e+67
1.5803164977165773e+67
5.13218707198362e+66
1.6813068165796683e+66
5.620903305380341e+65
1.944914792497974e+65
7.062751526334626e+64
2.71390885955717e+64
1.102969316717114e+64
4.697083217440476e+63
2.0669863747421338e+63
9.270043206874437e+62
4.193070555903713e+62
1.8982722896796325e+62
8.564185404195322e+61
