5.510099553228839e+71
6.242185471045694e+73
2.2618828680300867e+74
4.391565558134837e+74
6.534149836584609e+74
8.409976654973353e+74
9.897441543575466e+74
1.096764290963821e+75
1.1643050805070962e+75
1.1969014645231717e+75
1.1999815309849073e+75
1.1793688989731217e+75
1.1402166321844616e+75
1.0875839193511753e+75
1.025321038881434e+75
9.572119317784856e+74
8.859760119841042e+74
8.13853772579897e+74
7.427623484669155e+74
6.738782158212929e+74
4.4375956686998627e+74
2.1383763145274241e+74
9.551954811460565e+73
4.054001594095782e+73
1.658248519034313e+73
6.59560767888761e+72
2.564877046381427e+72
9.790040488517094e+71
3.6772501934899686e+71
1.3616608082005927e+71
4.9770585774722724e+70
1.7978573120462456e+70
6.421826533415142e+69
2.2702669881771396e+69
7.955483638061433e+68
2.766104537636548e+68
9.576218497268103e+67
3.313726456599586e+67
1.1537696068958367e+67
4.0779717632326164e+66
1.4804460373802155e+66
5.589457735578577e+65
2.2135597359079517e+65
9.227988710388423e+64
4.028650601798959e+64
1.823741599998405e+64
8.456913931846986e+63
3.9749758293444664e+63
1.8784991720079346e+63
8.87435338618277e+62
