1.4934229726199805e+71
2.560012768963085e+73
1.1543886234260437e+74
2.6157101475856495e+74
4.387135937632913e+74
6.218984705620191e+74
7.920402220004405e+74
9.371498428926404e+74
1.0511545546647699e+75
1.1326778624103055e+75
1.1825550497892368e+75
1.204321428608735e+75
1.2017679851811751e+75
1.1790291477274952e+75
1.140434248095594e+75
1.0896657889377616e+75
1.0302534956836477e+75
9.652551035303066e+74
8.970398846461601e+74
8.276914271966525e+74
5.757450307715558e+74
2.9470583945523657e+74
1.3704201077663954e+74
5.970733171549943e+73
2.4822277224370778e+73
9.95894405852993e+72
3.888350285814145e+72
1.4848275530009935e+72
5.568461680096062e+71
2.0561460380376393e+71
7.494786954664318e+70
2.6999698822147435e+70
9.62692830316395e+69
3.399367484883088e+69
1.190032341071236e+69
4.131869485745719e+68
1.4235969707770757e+68
4.8686296911154194e+67
1.6543755943252074e+67
5.5904917683756e+66
1.8803670184616304e+66
6.310205163511936e+65
2.1173882665786066e+65
7.13401775381846e+64
2.4256861929781242e+64
8.378226489746999e+63
2.9612234800401846e+63
1.0787108810695785e+63
4.0704726693079297e+62
1.5935705669787977e+62
