5.395744796926455e+71
6.202207632968393e+73
2.2728714778126833e+74
4.4491334083243973e+74
6.659559032796017e+74
8.61239080480133e+74
1.0175655618285753e+75
1.1313807619069755e+75
1.204257678079304e+75
1.2410207628198701e+75
1.2471021183991627e+75
1.228253870958128e+75
1.1898686686631937e+75
1.1370495879263684e+75
1.0739149040582802e+75
1.0042969210281465e+75
9.310139944592677e+74
8.566298813080871e+74
7.829790351305789e+74
7.114478869132945e+74
4.709954132531288e+74
2.2860771935910025e+74
1.0278789155759722e+74
4.388743475201954e+73
1.8054787674272155e+73
7.219641472277719e+72
2.822027975677003e+72
1.0827234823959061e+72
4.087344388591071e+71
1.5211503068214956e+71
5.58763535811413e+70
2.028379964246689e+70
7.281384501901276e+69
2.58780296364189e+69
9.112752081399828e+68
3.1850340838697354e+68
1.1080359259760814e+68
3.851917228691495e+67
1.3465767534186621e+67
4.776545970269004e+66
1.7381035147160333e+66
6.567578749672488e+65
2.601123747696331e+65
1.083397246278092e+65
4.7277811602999975e+64
2.1399791107594263e+64
9.933854870221659e+63
4.677222072154576e+63
2.2160363177740534e+63
1.050004570023379e+63
