2.5304789830100384e+70
3.360753093245641e+72
1.1874616936468948e+73
2.1121470249385124e+73
2.7895646412931563e+73
3.1281620934642325e+73
3.16759930440811e+73
2.993848481556657e+73
2.695838216133719e+73
2.339743316407522e+73
1.973426913579129e+73
1.62714432717062e+73
1.317048318780168e+73
1.0493022116568976e+73
8.25071197882864e+72
6.410474374310027e+72
4.9286896408162864e+72
3.7557951351532395e+72
2.838257529137096e+72
2.128502254607233e+72
6.649648673022371e+71
9.915724935200486e+70
1.3168509443725837e+70
1.6151399745770366e+69
1.874933355896847e+68
2.0885692441518316e+67
2.254259010959065e+66
2.3734874693982424e+65
2.4491804895795447e+64
2.485040741925226e+63
2.4854279324511353e+62
2.4555225395666147e+61
2.400775769410244e+60
2.323939147336611e+59
2.2307967814458273e+58
2.124105884568874e+57
2.007736924406976e+56
1.8853155247894345e+55
1.758246732903558e+54
1.6289352538057962e+53
1.499551493874302e+52
1.3720045274214677e+51
1.246952939911376e+50
1.1273956669189609e+49
1.013265801299925e+48
9.064832177021159e+46
8.090886884673148e+45
7.217581144144847e+44
6.461255118701046e+43
5.842281661580811e+42
