4.1189498326560333e+71
5.5229921427319984e+73
2.215271424190141e+74
4.626721351372155e+74
7.282832258429669e+74
9.803774998296352e+74
1.1968378382870438e+75
1.3676355507180417e+75
1.4905528136130963e+75
1.5679549067525975e+75
1.6047292753149069e+75
1.6070564008681017e+75
1.5810148842559707e+75
1.5325899389880986e+75
1.46731129232151e+75
1.389880131595103e+75
1.3043891247684456e+75
1.2143880161101443e+75
1.1225626705321996e+75
1.031158857460113e+75
7.096121926236568e+74
3.6273828464071477e+74
1.7064343967707586e+74
7.594214967432125e+73
3.2465222807685775e+73
1.3463227024349109e+73
5.450600648675276e+72
2.1636572085745367e+72
8.446623718410951e+71
3.24983138756648e+71
1.2343019791994305e+71
4.632350693993175e+70
1.719882161377002e+70
6.321031352816949e+69
2.3018207779443965e+69
8.318237891397635e+68
2.986356471608118e+68
1.0686048032675878e+68
3.8250667324648985e+67
1.3779427272273662e+67
5.033655182305671e+66
1.8840080958114688e+66
7.295035873037212e+65
2.9469496029408506e+65
1.2455296367483892e+65
5.493919842238051e+64
2.5088424090767703e+64
1.1745895165054438e+64
5.583828334023621e+63
2.6745080772662812e+63
