6.896925731315462e+71
5.4422600623033647e+73
1.5580601123400877e+74
2.58898518214119e+74
3.429608768664926e+74
4.0197182466644256e+74
4.368010014285641e+74
4.509132693149062e+74
4.4855490344117264e+74
4.337738900190893e+74
4.1033463959470095e+74
3.8132446675538865e+74
3.492108328676791e+74
3.159704088694535e+74
2.8299144822747966e+74
2.5123378972557226e+74
2.2141192059558992e+74
1.9388713789032335e+74
1.6883773498639372e+74
1.4630916065318585e+74
8.149945063522592e+73
3.1137348681266286e+73
1.1228193707446066e+73
3.893380307683276e+72
1.3108226127836949e+72
4.312745229807827e+71
1.391987566342325e+71
4.419368429917614e+70
1.3825747463441493e+70
4.266988097460839e+69
1.2998482463537854e+69
3.9114373665551376e+68
1.162689495972484e+68
3.415500319990754e+67
9.926896838356208e+66
2.8588147160924378e+66
8.180459074114677e+65
2.3393706525473777e+65
6.747420839357328e+64
1.9900768638102615e+64
6.108310837584604e+63
1.984773121852023e+63
6.895371390257881e+62
2.553905108592742e+62
9.947153289033968e+61
4.0013866352680313e+61
1.6360937632046045e+61
6.72325342186606e+60
2.7570346112303043e+60
1.1235869090073209e+60
