5.277785357250199e+71
6.156320560434215e+73
2.280276530011254e+74
4.497300633063407e+74
6.770719202678802e+74
8.79707238520238e+74
1.0430768725321097e+75
1.1633409815667816e+75
1.2418062112946162e+75
1.2827919351111458e+75
1.291733057095595e+75
1.2747348958162882e+75
1.237116957741562e+75
1.1843211725291915e+75
1.1203814098001716e+75
1.0494276242467835e+75
9.743665834159214e+74
8.978834141916624e+74
8.218175385628957e+74
7.477573959828405e+74
4.975021726359058e+74
2.4313912352471585e+74
1.0996676292487762e+74
4.721953524103106e+73
1.953105395943162e+73
7.84894664819585e+72
3.083914639522004e+72
1.1887853033620842e+72
4.509765502369654e+71
1.6861769967364577e+71
6.224444206240284e+70
2.2706511762095148e+70
8.191269290709102e+69
2.925139716936954e+69
1.0349469701106627e+69
3.6348136377853017e+68
1.2705576976063745e+68
4.436097356197588e+67
1.5573200742030484e+67
5.541472160203083e+66
2.0209018716579454e+66
7.642248586983547e+65
3.0258509867566166e+65
1.2593296341858912e+65
5.490826503450507e+64
2.485421102918935e+64
1.1546679057958033e+64
5.445761769506036e+63
2.5857241750572262e+63
1.2290950235125791e+63
