0.0
1.744529768246115e+71
3.1514811629878694e+72
6.923107254119719e+72
1.0573299191362976e+73
1.3769944816386589e+73
1.634653144497631e+73
1.8258649488501132e+73
1.9531380413918048e+73
2.0229586122131974e+73
2.043509207867728e+73
2.0234633968751814e+73
1.9710933913030497e+73
1.8940666155759757e+73
1.7991069822235138e+73
1.691968973427735e+73
1.5774531846724967e+73
1.4595144872423873e+73
1.3412523650496918e+73
1.2250733331133994e+73
8.257504714322543e+72
4.0854431950621115e+72
1.853089569426186e+72
7.914999563156638e+71
3.236475592283615e+71
1.280768274129766e+71
4.941107429292188e+70
1.8681815480513132e+70
6.948739807569803e+69
2.5499606709210794e+69
9.251944352715828e+68
3.3248556365770453e+68
1.1849621339447086e+68
4.193225091636472e+67
1.4745858509402417e+67
5.156692219791303e+66
1.7943365668039466e+66
6.216719124590409e+65
2.1451145626626833e+65
7.375471337857535e+64
2.5276316568807198e+64
8.63534413865919e+63
2.942585094003255e+63
1.0001383067478682e+63
3.3912752438287175e+62
1.1474237610683775e+62
3.8744217107266953e+61
1.3057914289572662e+61
4.3929163486157234e+60
1.475592691355669e+60
