0.0
1.4285921375674086e+71
8.8895762466711e+72
2.6948629105376672e+73
4.665282155883976e+73
6.653937958585491e+73
8.544943438235134e+73
1.0266832686167862e+74
1.177925871418787e+74
1.3063942991404362e+74
1.4116162835805356e+74
1.4941941342372996e+74
1.5552069771394967e+74
1.59630021541995e+74
1.6193366708245897e+74
1.6262077089726318e+74
1.618836374438039e+74
1.5991280187367928e+74
1.5689568568378077e+74
1.5301246860558173e+74
1.3267000937848802e+74
9.637565267828409e+73
6.432121804422029e+73
4.047480454828031e+73
2.4393991252569366e+73
1.422720220718888e+73
8.086442935169682e+72
4.5023293944841924e+72
2.4646440437125377e+72
1.3304023651830283e+72
7.096707950576171e+71
3.747497219518402e+71
1.961608577060049e+71
1.0190461940823964e+71
5.258333490710569e+70
2.6971721299941417e+70
1.3761965677211552e+70
6.988700230871059e+69
3.5338641995368896e+69
1.779961538188895e+69
8.933498103059759e+68
4.469413610579694e+68
2.2293268033125135e+68
1.10896780622673e+68
5.502632703017325e+67
2.7238375446520344e+67
1.3454983177822141e+67
6.632704823306168e+66
3.2633571925889356e+66
1.6028960242984838e+66
