0.0
9.364792290910797e+70
6.184246156325917e+72
1.521102086352992e+73
2.455393150438813e+73
3.349332039518574e+73
4.155113335280087e+73
4.8475358069250694e+73
5.416544459919451e+73
5.861726837583013e+73
6.188398715166439e+73
6.405879996199495e+73
6.525190809501651e+73
6.55832022989507e+73
6.517026121217955e+73
6.413287094167284e+73
6.257781690713398e+73
6.060625322321179e+73
5.830958408064948e+73
5.577064900359871e+73
4.4928801463065126e+73
2.925101983906458e+73
1.752442191394739e+73
9.913030118283768e+72
5.3785018601781046e+72
2.827908726117173e+72
1.4510070775306082e+72
7.301883812847478e+71
3.6170405827946657e+71
1.768432060080104e+71
8.551768595136878e+70
4.096635418250052e+70
1.9468576508310515e+70
9.186978159882524e+69
4.308452092675305e+69
2.0094774263506266e+69
9.326680118905056e+68
4.3101400601846905e+68
1.9839032817856224e+68
9.097761563133294e+67
4.159348082936899e+67
1.8957112295782898e+67
8.616213933934456e+66
3.906369731127015e+66
1.7667883049766617e+66
7.9735100591049e+65
3.5916286463081135e+65
1.6145399201536256e+65
7.245657966346252e+64
3.246057691958575e+64
