0.0
1.4968727785182095e+71
3.917852768423173e+72
8.838381884715623e+72
1.3713931506696391e+73
1.812189592061912e+73
2.182802421765405e+73
2.474496188483253e+73
2.6872944244432013e+73
2.8265102081347476e+73
2.900175992658086e+73
2.9174588505620514e+73
2.8877672446564495e+73
2.8200230218851658e+73
2.7224815800938642e+73
2.602527712631969e+73
2.4665653949679146e+73
2.3201118860256503e+73
2.1677472522411028e+73
2.0132240312840515e+73
1.4472628427285764e+73
7.90580391043944e+72
3.963984295620383e+72
1.8734261126568276e+72
8.482654992707337e+71
3.7192724763411753e+71
1.5906422907901255e+71
6.670215183583948e+70
2.7528395050109042e+70
1.1211799064328218e+70
4.51655578132422e+69
1.802446249709346e+69
7.135225847569493e+68
2.8049725535326365e+68
1.0958389277876846e+68
4.258940220635816e+67
1.6469827130325112e+67
6.341885904235419e+66
2.4322347001545667e+66
9.29695893318556e+65
3.541972017901929e+65
1.3454960278556127e+65
5.09719676676305e+64
1.926202841972334e+64
7.262293455681752e+63
2.731907941735683e+63
1.0258045943689844e+63
3.844962673888396e+62
1.438373234494807e+62
5.373318961777554e+61
