0.0
9.78243320726552e+70
6.920936174120174e+72
1.7458855058074107e+73
2.8464330821823986e+73
3.91095423355097e+73
4.8822834326940333e+73
5.729006834028766e+73
6.437144004682512e+73
7.004107789159541e+73
7.434249017973257e+73
7.736439954472522e+73
7.922201026573826e+73
8.00443870508589e+73
7.99577036307454e+73
7.909734548343476e+73
7.75856551329921e+73
7.553671882868906e+73
7.305913083261681e+73
7.024641424022235e+73
5.775524053672373e+73
3.879981055144196e+73
2.3997708198658306e+73
1.4017921720139375e+73
7.854692361279498e+72
4.264831767148391e+72
2.259658278557075e+72
1.1740412598946633e+72
6.0037633707463515e+71
3.029817005676428e+71
1.5120285811154578e+71
7.475073726635881e+70
3.6651743948653634e+70
1.7843142547934287e+70
8.63248042204327e+69
4.152925955812904e+69
1.9880281001606032e+69
9.474817453628704e+68
4.497082203599499e+68
2.1266325017532393e+68
1.002503486250188e+68
4.7110070270794206e+67
2.2072556809015057e+67
1.0316917790524521e+67
4.810268659089513e+66
2.2383367551527594e+66
1.0391776691455578e+66
4.815460162946072e+65
2.2274490135228674e+65
1.0284905200465728e+65
