8.661441723786933e+65
8.122296964699891e+70
7.908709715684616e+72
2.410100938672767e+73
4.1862527706343104e+73
5.975878770479407e+73
7.669145476931421e+73
9.199475633042505e+73
1.0530136199928914e+74
1.1644797805922634e+74
1.2541168836539986e+74
1.322540201089688e+74
1.371087510969351e+74
1.4013790240052555e+74
1.4151637910148758e+74
1.414434445165187e+74
1.401146304398885e+74
1.3770394320131896e+74
1.3439923274273068e+74
1.3035811275761604e+74
1.1056738172893511e+74
7.748138695534844e+73
4.979245163518358e+73
3.0142370897727736e+73
1.7470117420941524e+73
9.797911555794873e+72
5.355718553648465e+72
2.8687286153879403e+72
1.511185940548608e+72
7.852329248007284e+71
4.0332312984496667e+71
2.05136493100333e+71
1.0345712683531516e+71
5.179503263488371e+70
2.5765377866700904e+70
1.2743634260049644e+70
6.271938920251779e+69
3.072689860625001e+69
1.4991660804926592e+69
7.28854709270998e+68
3.5313811802302184e+68
1.705808323298867e+68
8.217389512536464e+67
3.9480192116449476e+67
1.892437099510224e+67
9.051320801797758e+66
4.320394868560277e+66
2.0583573585501413e+66
9.789492284611593e+65
4.648124147258446e+65
