7.211574273996217e+66
1.2091987512992914e+70
2.4650744904147716e+72
5.8315090315361234e+72
9.151293651119245e+72
1.1977288033813978e+73
1.411515448815114e+73
1.5531305929195392e+73
1.6277488480038864e+73
1.645063054753086e+73
1.6160864955494644e+73
1.551946922016657e+73
1.4628440900624967e+73
1.3574253939925481e+73
1.2429504306276695e+73
1.1251785962204442e+73
1.008460387100316e+73
8.959843631645526e+72
7.898822571485815e+72
6.91437070369301e+72
3.940591138957546e+72
1.496892872547906e+72
5.192306259201188e+71
1.6953203782386929e+71
5.302562347440458e+70
1.6066577579954598e+70
4.750215452333553e+69
1.3775796520469058e+69
3.9328405780539496e+68
1.1084017108628903e+68
3.0900939114798203e+67
8.536434077866264e+66
2.3396436065998803e+66
6.368688125540275e+65
1.7231595797461064e+65
4.6383124982727444e+64
1.2426190485815583e+64
3.315028352342494e+63
8.810780642202281e+62
2.333622167643577e+62
6.162480693545354e+61
1.6227654672774454e+61
4.2621897245120444e+60
1.1168566319882692e+60
2.9201777336275353e+59
7.619914051882183e+58
1.984416901467448e+58
5.160631150932553e+57
1.3396111021246845e+57
3.472631417371239e+56
