8.784143398428714e+66
6.056348838305364e+70
7.435092081363143e+72
2.2141361576978154e+73
3.8279484042762204e+73
5.446212212566492e+73
6.967102608887778e+73
8.330055124163394e+73
9.5023913021458e+73
1.0471689756789976e+74
1.1237060190481765e+74
1.1806133852871153e+74
1.219276972848439e+74
1.2413390449113791e+74
1.248515022803354e+74
1.2427923410756032e+74
1.2259061439777695e+74
1.1997247204164785e+74
1.1658754651278326e+74
1.1258624741401651e+74
9.38539734737585e+73
6.398659660171908e+73
3.9974819015701615e+73
2.351584371783104e+73
1.324324194442583e+73
7.217334479494004e+72
3.834200981549638e+72
1.9959559241540426e+72
1.022086576394311e+72
5.16306680573566e+71
2.578610767101252e+71
1.2753487300652442e+71
6.255610679509701e+70
3.04611813780487e+70
1.473942197126994e+70
7.092340487362827e+69
3.3954754827854835e+69
1.6184779273297076e+69
7.683493648823855e+68
3.634330868685187e+68
1.7134871440689475e+68
8.054302997929933e+67
3.7755462599329776e+67
1.7652938289720234e+67
8.23464030190666e+66
3.833009793860904e+66
1.780554788482418e+66
8.255765578297846e+65
3.82130749008915e+65
1.7658801827396714e+65
