0.0
1.172406539660955e+71
8.523889992471416e+72
2.6077254555789185e+73
4.528430758271936e+73
6.467704573480489e+73
8.310605574235927e+73
9.985972136330294e+73
1.1454179716701598e+74
1.2696639605606347e+74
1.3709404642429813e+74
1.4498455531179669e+74
1.507551429895207e+74
1.5456577977913628e+74
1.5660348773690127e+74
1.5705732749453023e+74
1.561282188239117e+74
1.5400502696191886e+74
1.5086982130347975e+74
1.4689629379947024e+74
1.2653492644382693e+74
9.091730509898432e+73
5.99752871403557e+73
3.728728249945013e+73
2.2199629604194945e+73
1.2788318424473814e+73
7.17966941694079e+72
3.948520835869102e+72
2.135265709655593e+72
1.1387062887883408e+72
6.001351670731365e+71
3.1312803222715654e+71
1.6196862870503923e+71
8.315096520206348e+70
4.240510792879405e+70
2.1499605702461242e+70
1.0843761488680968e+70
5.4436254632816755e+69
2.7213200599488782e+69
1.3551427965684004e+69
6.725354755736022e+68
3.3270642488473707e+68
1.641077888259976e+68
8.073110162075225e+67
3.961646659645877e+67
1.9396494272609695e+67
9.476249267239817e+66
4.6206241321317e+66
2.248865004171256e+66
1.0926373045932194e+66
