5.5306725746543466e+66
8.389302658383612e+69
1.5449036987893341e+72
3.47274334902218e+72
5.2247745280779365e+72
6.550106287369624e+72
7.381556952525592e+72
7.753873471197974e+72
7.747396802957764e+72
7.455098233145858e+72
6.967386412766806e+72
6.3594037341168274e+72
5.693201471787138e+72
5.014699327688377e+72
4.3574355902615764e+72
3.741471559224203e+72
3.179313829321236e+72
2.6783913941176793e+72
2.2384797153671107e+72
1.8575782739607476e+72
8.612457727941203e+71
2.3931925719252004e+71
6.081024215396007e+70
1.45659048598683e+70
3.3464250571171138e+69
7.455527527825359e+68
1.6221303281730068e+68
3.4640764055483136e+67
7.286810150043971e+66
1.5139941876896464e+66
3.112878196218854e+65
6.343629424684047e+64
1.2834138385708717e+64
2.5792042817420795e+63
5.153446588402858e+62
1.0244649137044655e+62
2.0280150170815428e+61
3.9979632991030534e+60
7.853836541108176e+59
1.5377696069342971e+59
3.0020870632880886e+58
5.845476744093168e+57
1.1354764190669642e+57
2.2006331559360296e+56
4.256264143084704e+55
8.216547713738063e+54
1.5833640626789476e+54
3.0463033020975995e+53
5.852071140603453e+52
1.1226160284289688e+52
