0.0
1.2105820166543375e+71
8.382980741495357e+72
2.319375425226268e+73
3.899342640165542e+73
5.468558755716745e+73
6.942172618157916e+73
8.269300887602183e+73
9.423106580036477e+73
1.0392074234743309e+74
1.1176009234609938e+74
1.178168160984652e+74
1.222006890714094e+74
1.2504730204166007e+74
1.2650929540387195e+74
1.26750051003016e+74
1.2591680504523488e+74
1.2416504379824833e+74
1.2163621152751482e+74
1.184639111983494e+74
1.0237359651366634e+74
7.429662904425643e+73
4.971276658122755e+73
3.14428584453248e+73
1.9083428881757153e+73
1.1224508321634502e+73
6.4413494459328984e+72
3.624262645322347e+72
2.006524318806298e+72
1.096112703378289e+72
5.919974125256901e+71
3.1666978660847135e+71
1.6797957716539e+71
8.845647426061744e+70
4.6283617446645625e+70
2.4077243845278474e+70
1.2464043761309165e+70
6.422402574627657e+69
3.2956926121894413e+69
1.6848250591320118e+69
8.584406308750943e+68
4.360052595107056e+68
2.208310155672352e+68
1.115348273299473e+68
5.62084961007198e+67
2.825802437466483e+67
1.4177116111540678e+67
7.09817853827526e+66
3.547872513093146e+66
1.7701697277633728e+66
