1.2724326249915862e+67
3.730634283207325e+70
6.458741566526917e+72
1.8085977188655995e+73
3.0790834138586756e+73
4.333798121723535e+73
5.490192647662396e+73
6.501984306130695e+73
7.347136678516713e+73
8.019158991155012e+73
8.522033258939667e+73
8.865554667436543e+73
9.064140663798773e+73
9.134543579908124e+73
9.09337812601261e+73
8.95699428883598e+73
8.741253544771721e+73
8.464211041033047e+73
8.135959670900504e+73
7.771451031374387e+73
6.20581833244541e+73
3.9557893524612785e+73
2.3069102289649875e+73
1.2657214499026576e+73
6.644865353403827e+72
3.3746038558878582e+72
1.6706022063934269e+72
8.102911752447553e+71
3.865839990487643e+71
1.819411288636213e+71
8.464647750901385e+70
3.90029866559557e+70
1.7820961008890553e+70
8.08390943228274e+69
3.643575862366805e+69
1.6330753349435176e+69
7.28302384002064e+68
3.2334603650928617e+68
1.4297963465974448e+68
6.29914068532988e+67
2.765945043337917e+67
1.2108530619797042e+67
5.2860366659754e+66
2.3018018736991603e+66
9.999386139638242e+65
4.33442298323405e+65
1.87501405912675e+65
8.096030417372704e+64
3.489462102430558e+64
1.50152470862019e+64
