4.817416676333383e+66
6.911620595281687e+70
7.667921443135599e+72
2.3108320747055378e+73
4.004899576176136e+73
5.707763591142678e+73
7.31358534349496e+73
8.759123848619411e+73
1.0009608991868633e+74
1.1050458783316486e+74
1.1880392074224965e+74
1.2506422742362834e+74
1.2941889913998722e+74
1.3202610458152766e+74
1.3306920087388927e+74
1.3273892184963007e+74
1.3122327187765546e+74
1.287045664770436e+74
1.253484923407809e+74
1.213249774350514e+74
1.0205584605371193e+74
7.058246328543745e+73
4.475033774478901e+73
2.672265489315414e+73
1.5278276982687625e+73
8.453407234186706e+72
4.5592329831116625e+72
2.4096554025349153e+72
1.2526738867029706e+72
6.423938056979007e+71
3.2569012685777946e+71
1.6351835681516806e+71
8.141720798927318e+70
4.024557394275442e+70
1.976653665036916e+70
9.65449688668312e+69
4.6920607200153665e+69
2.2700747823619323e+69
1.0939290340058884e+69
5.252295072944428e+68
2.51356683243297e+68
1.1993485716817011e+68
5.706515752238358e+67
2.708565207134637e+67
1.2825662647510401e+67
6.0597966060416695e+66
2.8576085724769518e+66
1.3449464978016987e+66
6.319667248776617e+65
2.964656375276473e+65
