0.0
1.7591084501619224e+71
9.343704029042766e+72
2.7682230661438605e+73
4.7597900903368556e+73
6.764266831202913e+73
8.667309365637397e+73
1.0398861172666404e+74
1.1919550085659674e+74
1.321163282011338e+74
1.4271827639955056e+74
1.5105167996942018e+74
1.572368731974011e+74
1.6143836999507806e+74
1.6382694125721176e+74
1.646011850883389e+74
1.6395167402334987e+74
1.620724851875137e+74
1.5914453275672127e+74
1.5533252382353034e+74
1.3520356904628525e+74
9.891739005055771e+73
6.655611702046177e+73
4.2248183288730786e+73
2.5694942070088564e+73
1.5125793556207147e+73
8.678685015790063e+72
4.8781491484993466e+72
2.696318388821927e+72
1.469521671096865e+72
7.915091621515518e+71
4.2201534433302826e+71
2.230463233778136e+71
1.1699044045180535e+71
6.095189907753058e+70
3.1567642591432614e+70
1.626290784391619e+70
8.337699023338402e+69
4.25648139834913e+69
2.164428910548404e+69
1.0967477909657936e+69
5.53892632998998e+68
2.7890847804077544e+68
1.4005627008580935e+68
7.01477786688578e+67
3.505446947988205e+67
1.7477405482397015e+67
8.696333716602102e+66
4.318607151143863e+66
2.1406656435364286e+66
