1.1461509359708877e+67
5.218622165939114e+70
7.208138302341492e+72
2.117728549541457e+73
3.6507634524932235e+73
5.183799718576556e+73
6.619067361560144e+73
7.89899406979854e+73
8.994045514467992e+73
9.891847260781056e+73
1.0593661151879687e+74
1.1107418552252159e+74
1.14476541060979e+74
1.1629867821883375e+74
1.1671981226022159e+74
1.1592757607079694e+74
1.1410186493881547e+74
1.1140963264890661e+74
1.0801473356201832e+74
1.0406395529944081e+74
8.595800397374415e+73
5.776451165563161e+73
3.5556368069676965e+73
2.0606226176073358e+73
1.1431889776171226e+73
6.1373837717170785e+72
3.212160476477027e+72
1.6475581868379348e+72
8.313072942223125e+71
4.138050115538224e+71
2.036622444064713e+71
9.927370380164192e+70
4.799104171193773e+70
2.3034823306458773e+70
1.0986721109388993e+70
5.210965300627186e+69
2.4595247158069114e+69
1.1557418166624423e+69
5.409251069172107e+68
2.5227016575878404e+68
1.1726584760177125e+68
5.434797578229751e+67
2.5119805163975856e+67
1.1580908923440851e+67
5.327080412736942e+66
2.4449687474692423e+66
1.1199760311429458e+66
5.121555077699479e+65
2.3378014894853473e+65
1.0653965117731672e+65
