0.0
1.8824298486121293e+71
9.648312807105416e+72
2.7777394677878363e+73
4.7338942888433666e+73
6.694363722414242e+73
8.550499862964383e+73
1.0235921234507425e+74
1.1714566371540093e+74
1.2969654614973641e+74
1.3998807749713345e+74
1.4807600688282932e+74
1.540819274553752e+74
1.5816346515047018e+74
1.6049958450435262e+74
1.612750448020862e+74
1.6066936115441147e+74
1.5887954023075125e+74
1.56069777019746e+74
1.5240912706601663e+74
1.3300644764126242e+74
9.785799065491411e+73
6.629792144567998e+73
4.241177904929275e+73
2.6009515546951045e+73
1.544537682240783e+73
8.942422512582427e+72
5.073251649751983e+72
2.8305901632793285e+72
1.5576175599303273e+72
8.471112846409044e+71
4.56081121729186e+71
2.4344737448531574e+71
1.2896579756689327e+71
6.786550553148318e+70
3.5500741309368797e+70
1.8471316403591302e+70
9.566983989097872e+69
4.9334938047149265e+69
2.5338962400187042e+69
1.2970757145346321e+69
6.617548282861479e+68
3.366030823446921e+68
1.707509218165778e+68
8.638782281365254e+67
4.360859500010426e+67
2.1962577888552952e+67
1.1039451374168772e+67
5.538384785998249e+66
2.7730666783775076e+66
