1.3014871096858139e+67
4.606485902573486e+70
6.971152382438383e+72
2.0172953169759407e+73
3.464932656856541e+73
4.9073267530263264e+73
6.251561629359858e+73
7.444013673813759e+73
8.456886419397373e+73
9.280381729279931e+73
9.916037259360306e+73
1.0372934545754274e+74
1.0664920565264882e+74
1.0808761581915643e+74
1.0821195870376826e+74
1.0721219872436378e+74
1.0525665649915318e+74
1.0251188945630312e+74
9.91331573042548e+73
9.525965840824321e+73
7.788016154538748e+73
5.149896809171322e+73
3.117992309595661e+73
1.7767726820325698e+73
9.691107660907146e+72
5.114311292039734e+72
2.6310261126893683e+72
1.3263806445372864e+72
6.577438390181128e+71
3.217817029941081e+71
1.5563104573306317e+71
7.45574069823991e+70
3.541964909970234e+70
1.6705447248466658e+70
7.829533933004423e+69
3.6490271587671124e+69
1.6922002700611394e+69
7.813275593862453e+68
3.59284899570501e+68
1.6463402699323345e+68
7.518916341867374e+67
3.423481644046095e+67
1.55461009388699e+67
7.041437673140654e+66
3.181885625340939e+66
1.4347804626479117e+66
6.456749548720424e+65
2.9002611058607147e+65
1.3004773782189208e+65
5.82152516982068e+64
