0.0
1.3282976784360303e+71
8.667692952138583e+72
2.4456046345990737e+73
4.135509319925075e+73
5.820980637072778e+73
7.410706944424816e+73
8.849354041378911e+73
1.0106812381318032e+74
1.1170474151284264e+74
1.2038227969486033e+74
1.2716458219798845e+74
1.3216065118258896e+74
1.3550740397772272e+74
1.3736357356298462e+74
1.3788909409058671e+74
1.3725134208816563e+74
1.3560606613581812e+74
1.3310212170492986e+74
1.298833210682601e+74
1.1308600015186658e+74
8.30079350117265e+73
5.617880684554101e+73
3.593645770541868e+73
2.2055744497165962e+73
1.3116641673753341e+73
7.609869052884742e+72
4.3281281434860216e+72
2.4219311890884267e+72
1.3370419273316917e+72
7.298000167861812e+71
3.944559752524392e+71
2.1141597345588394e+71
1.1247990385928629e+71
5.946156839513029e+70
3.125277062983927e+70
1.6342811089698228e+70
8.506790811042491e+69
4.40956596961128e+69
2.2773147599726143e+69
1.1719817033171276e+69
6.013159691812061e+68
3.0761901943591124e+68
1.569467622270726e+68
7.988959457312721e+67
4.056855773130135e+67
2.0558654381197733e+67
1.039768902220524e+67
5.248956534377594e+66
2.6450924676599917e+66
