1.0894721072264459e+67
2.2303671367160823e+70
4.783426818538962e+72
1.2285942056086527e+73
2.029574286307246e+73
2.7904365032187527e+73
3.45831676512263e+73
4.007959668361758e+73
4.4310646476259676e+73
4.730064458128666e+73
4.915524750472358e+73
4.998618883521573e+73
4.994255240157703e+73
4.916311771162252e+73
4.779842494978073e+73
4.5967072254927805e+73
4.3784425007942246e+73
4.1378499471350755e+73
3.880965850740632e+73
3.616149743667181e+73
2.622375102193102e+73
1.440468493272218e+73
7.232341226354315e+72
3.4145653427344567e+72
1.5427570308437776e+72
6.744507420801976e+71
2.8746978166726483e+71
1.2008326076369144e+71
4.9347074652573427e+70
2.000809150315097e+70
8.021270466450945e+69
3.1850739799145142e+69
1.2543156951276876e+69
4.904300946078269e+68
1.9056029711874103e+68
7.363183517397143e+67
2.8314510943822136e+67
1.0839776420652473e+67
4.133654623908004e+66
1.5706361538208162e+66
5.947979219103173e+65
2.2465779631150006e+65
8.460245261768923e+64
3.1787580215076987e+64
1.1914845283594584e+64
4.456719042521707e+63
1.6637538113266798e+63
6.199957902643231e+62
2.3064895556467288e+62
8.566963227430438e+61
