0.0
1.792845732736495e+71
2.341767819097139e+72
5.004524033384511e+72
7.488366025229855e+72
9.554160694661356e+72
1.1101991316397641e+73
1.2126893951355683e+73
1.2675880057906951e+73
1.282044535073713e+73
1.263919949260665e+73
1.2208734775225047e+73
1.1597391713531674e+73
1.086429890221103e+73
1.0058153454216757e+73
9.21769989573966e+72
8.373155313918905e+72
7.547331565322505e+72
6.755959027209227e+72
6.0105285771948325e+72
3.659706615715819e+72
1.549814778789108e+72
6.010215705619712e+71
2.192537005987258e+71
7.649211786390962e+70
2.5798603867647864e+70
8.474570073233845e+69
2.725703519666833e+69
8.617303771724757e+68
2.685695331617786e+68
8.270384485416752e+67
2.5208078157262322e+67
7.615994459760046e+66
2.2833003288722095e+66
6.799072780395029e+65
2.0126144305038887e+65
5.925649155277617e+64
1.7362391370753477e+64
5.065696158517504e+63
1.4724271552579042e+63
4.264011874264893e+62
1.230807744247765e+62
3.542451972038417e+61
1.0167149708167396e+61
2.9107434771129567e+60
8.313015854313074e+59
2.3691175815878777e+59
6.737908548232873e+58
1.912404204093721e+58
5.418784078102848e+57
