0.0
1.0435172261938327e+71
7.676474658047613e+72
2.0170621549144646e+73
3.336418050311074e+73
4.629593698078404e+73
5.826949982604708e+73
6.888121543138032e+73
7.793640233436807e+73
8.537234110399551e+73
9.121141950685193e+73
9.553621251751077e+73
9.845871814603214e+73
1.0011612938409545e+74
1.0064921162922902e+74
1.002017827543327e+74
9.891659799443267e+73
9.692395200291617e+73
9.434817742335344e+73
9.130405540334256e+73
7.697632762189525e+73
5.377266534527338e+73
3.461680081765179e+73
2.106073216580734e+73
1.2296869098448392e+73
6.959087965237203e+72
3.8435611774873054e+72
2.0820719955065083e+72
1.1100818910335358e+72
5.84144621923344e+71
3.040186360549688e+71
1.5673476568653752e+71
8.014636706349328e+70
4.0695679918673754e+70
2.053693940356025e+70
1.0306766230605264e+70
5.14733091879016e+69
2.5593996389214587e+69
1.2675606756279723e+69
6.25535577883785e+68
3.0769091809796696e+68
1.508907943228288e+68
7.379675482999073e+67
3.60004816794456e+67
1.7522178439151985e+67
8.510265791541437e+66
4.1244538749651926e+66
1.9955054182114426e+66
9.637119235740051e+65
4.646103880095244e+65
