0.0
1.2690103209501903e+71
8.52664218220088e+72
2.3836091762357354e+73
4.0196035422836036e+73
5.6481398181732925e+73
7.18107760078928e+73
8.565056153630082e+73
9.77195309316149e+73
1.0789371047909233e+74
1.1616448400249536e+74
1.2259357897116835e+74
1.2729094790817833e+74
1.3039353015707017e+74
1.3205878197561438e+74
1.324486836208912e+74
1.3171415160671746e+74
1.30017279110809e+74
1.2750382446902432e+74
1.243076194127739e+74
1.0785965549707632e+74
7.875640745282187e+73
5.302222462751456e+73
3.3739345624500416e+73
2.0600836690195056e+73
1.2188313037473687e+73
7.035477013716271e+72
3.981397490092671e+72
2.2167954255677725e+72
1.2177763337490372e+72
6.61395091822746e+71
3.5574145290644756e+71
1.8971947794977434e+71
1.004531369045948e+71
5.284331697012127e+70
2.7638416791302634e+70
1.4382968952151043e+70
7.450315453802536e+69
3.843307626027118e+69
1.9751496882117378e+69
1.0116409288594551e+69
5.165072355244337e+68
2.6295200439307635e+68
1.3350592313455683e+68
6.762094622385171e+67
3.417260308390878e+67
1.7232584780549222e+67
8.672691622117468e+66
4.35665991649534e+66
2.184765812844449e+66
