4.3300885960533274e+66
5.447693973927464e+69
8.509291511352267e+71
1.78638163505348e+72
2.5199469828762585e+72
2.953576778155288e+72
3.104083810517393e+72
3.0333194818857488e+72
2.8142903397034983e+72
2.51099332377924e+72
2.1732778722999853e+72
1.8355432339594172e+72
1.5195303178597169e+72
1.237420617629385e+72
9.934944478010725e+71
7.881173246110949e+71
6.187076244627891e+71
4.814241107259226e+71
3.7161441361799314e+71
2.8485403608596073e+71
9.74515815055172e+70
1.7119192972910293e+70
2.7580069291551875e+69
4.197374651793705e+68
6.14092435243581e+67
8.723840258478708e+66
1.2117961294258628e+66
1.6538602144694718e+65
2.2253804557420292e+64
2.9597829104324058e+63
3.898697561824962e+62
5.093064868404452e+61
6.607288494277643e+60
8.519829289749938e+59
1.0928171850692297e+59
1.3950586971936687e+58
1.774023358324318e+57
2.2474081954617367e+56
2.837850625451241e+55
3.572938623640367e+54
4.486297137869829e+53
5.619484155300881e+52
7.024100538109275e+51
8.761599889855687e+50
1.0908619993163788e+50
1.3558788303529498e+49
1.682639962761375e+48
2.0850906397255263e+47
2.579991055435698e+46
3.189172609252777e+45
