0.0
1.70844110754504e+71
1.6025302384865282e+72
3.333796376179744e+72
4.8611267991912694e+72
6.032108173274319e+72
6.802899671568838e+72
7.198833639642114e+72
7.278571057475573e+72
7.11191765350189e+72
6.767095885071698e+72
6.303910117301405e+72
5.771764677777642e+72
5.209154669796186e+72
4.644760428044388e+72
4.098776266779219e+72
3.584682827343321e+72
3.110618843782728e+72
2.6806115091501264e+72
2.295862789745986e+72
1.2086397951827655e+72
4.113520878027951e+71
1.2850168284532123e+71
3.781655638230405e+70
1.065137929790576e+70
2.9014824380884098e+69
7.69919377562422e+68
2.0005772590575616e+68
5.1098635781341247e+67
1.2866344958105826e+67
3.2010773078224572e+66
7.883054723937235e+65
1.9241974110835433e+65
4.6610556226153505e+64
1.1214667375700307e+64
2.682316734794184e+63
6.3816464970378555e+62
1.5111061755478425e+62
3.5629029027248273e+61
8.367253197794417e+60
1.9585058749383935e+60
4.569799166814404e+59
1.0630188231523006e+59
2.4661901321291584e+58
5.707321945388251e+57
1.3178155668994312e+57
3.0358684080595894e+56
6.980535483746794e+55
1.6023972359410543e+55
3.671024284607704e+54
