0.0
1.445030336813199e+71
9.986811555121053e+71
2.029421248001739e+72
2.8681137543769394e+72
3.4334278189958097e+72
3.721132161695048e+72
3.772178677218948e+72
3.644149303329082e+72
3.395066517401124e+72
3.0751053556571714e+72
2.7232708116426308e+72
2.368024161375788e+72
2.0283053554964653e+72
1.7155134795458888e+72
1.435491550866514e+72
1.1902748700967006e+72
9.791686040180178e+71
7.999689423442482e+71
6.496273353797732e+71
2.7929146524387257e+71
7.040491191445632e+70
1.6415186929676376e+70
3.62472355566033e+69
7.685646241223419e+68
1.5790421745754707e+68
3.16384201471618e+67
6.211251404802103e+66
1.1990664550047375e+66
2.2823521256835813e+65
4.2929409491837475e+64
7.9926809032471e+63
1.4750501013502728e+63
2.701378645427335e+62
4.9138761000381854e+61
8.885242112484937e+60
1.5980876742726397e+60
2.8605497902889353e+59
5.098896368207153e+58
9.052596220571566e+57
1.6016705340787628e+57
2.824486137433842e+56
4.966734764792004e+55
8.708721251115994e+54
1.5233476442914371e+54
2.6584804889973884e+53
4.6295459877010183e+52
8.045684753673402e+51
1.3957475097458817e+51
2.4170502967448707e+50
