0.0
1.2762988707084733e+71
4.601164658375647e+72
1.0634822123412317e+73
1.6709603329106562e+73
2.2318231007617275e+73
2.7161431487477063e+73
3.1108351018188045e+73
3.413483884822813e+73
3.627836287739966e+73
3.761676670736486e+73
3.8243419653179566e+73
3.8259204245578164e+73
3.776387147173188e+73
3.685235570860211e+73
3.561188872973024e+73
3.411923065766738e+73
3.244555653285206e+73
3.064822856156706e+73
2.8778197973889864e+73
2.158640470065041e+73
1.2588646352313553e+73
6.74452392166913e+72
3.4079982000334092e+72
1.6505549643156095e+72
7.743272622503103e+71
3.544266261756385e+71
1.5908735236541296e+71
7.028443774000247e+70
3.0648475756619077e+70
1.3218929399875058e+70
5.6485655259423964e+69
2.3943717741585377e+69
1.0078988069462473e+69
4.2166684035216807e+68
1.7545727332524055e+68
7.265425379045983e+67
2.995537529137199e+67
1.230245786949154e+67
5.034465594019475e+66
2.0536080864686624e+66
8.352256063916534e+65
3.3876132459430517e+65
1.370546600954273e+65
5.53163869539233e+64
2.2280426775336893e+64
8.956229066382438e+63
3.59325672404603e+63
1.4391802846807369e+63
5.755097318061261e+62
