0.0
1.0274145327428823e+71
7.44543688047122e+72
1.9286317335919602e+73
3.174590612195259e+73
4.3906193435755173e+73
5.511195490646014e+73
6.499062758478709e+73
7.336733900074139e+73
8.019042449968677e+73
8.549193202063861e+73
8.935385350694746e+73
9.189562768099924e+73
9.324588126905605e+73
9.354689407746233e+73
9.29362705164086e+73
9.155062552263086e+73
8.951717741192483e+73
8.695371847650203e+73
8.396789571698002e+73
7.020381905297036e+73
4.840667162597593e+73
3.0746463715134676e+73
1.8451494434175677e+73
1.0625004494343176e+73
5.92926356713334e+72
3.2290821569160425e+72
1.72464777842914e+72
9.066347377954831e+71
4.703729942152627e+71
2.4134863071629565e+71
1.2267603462153978e+71
6.184778375495435e+70
3.0962774837338144e+70
1.5404419411794473e+70
7.621910737780458e+69
3.752628819395337e+69
1.839439734655557e+69
8.981564241076494e+68
4.370060534053601e+68
2.1193921318165155e+68
1.0246994482081448e+68
4.940956448307075e+67
2.3763075654922868e+67
1.1403471705354129e+67
5.460720881835916e+66
2.6095876458854025e+66
1.244725597963224e+66
5.9273451009809145e+65
2.817800439122141e+65
