0.0
1.118958472804173e+71
5.1951123103337456e+72
1.2273240295345641e+73
1.9481009270931115e+73
2.6235436453184534e+73
3.217528784744135e+73
3.712844507721034e+73
4.1044918714852666e+73
4.3949979662767615e+73
4.591408519325587e+73
4.703069049391868e+73
4.740545213796467e+73
4.714710382243062e+73
4.6360416016354864e+73
4.5142278011638365e+73
4.358395157637407e+73
4.1765072477308945e+73
3.97578084185105e+73
3.762146773621344e+73
2.9080269883032714e+73
1.7761852136436566e+73
9.974155825333324e+72
5.285056006687411e+72
2.685075248336044e+72
1.3217123774335969e+72
6.34861854993251e+71
2.9908320953576014e+71
1.3869288357255824e+71
6.348314145417502e+70
2.874245457773151e+70
1.2892546330954916e+70
5.7369468941271546e+69
2.5350075818666965e+69
1.1133211034174322e+69
4.863083331764029e+68
2.1140107888636814e+68
9.1496543312961e+67
3.944539813673464e+67
1.6943467649035793e+67
7.254940357011795e+66
3.097804902098398e+66
1.3189289589620558e+66
5.600743891668081e+65
2.3730981636093603e+65
1.0033302115913631e+65
4.2340214580915674e+64
1.7832386462634343e+64
7.49718306040614e+63
3.1467901447263196e+63
