0.0
1.0171565950029204e+71
5.717838589170638e+72
1.3785352353755907e+73
2.207404505525388e+73
2.993018207259938e+73
3.6933332499674287e+73
4.287146418023113e+73
4.766992844760373e+73
5.1339210834091263e+73
5.3942159333353685e+73
5.5572242528865743e+73
5.633850083963601e+73
5.6354880399619685e+73
5.573430709076213e+73
5.458540600575245e+73
5.300665467703385e+73
5.109105661622445e+73
4.8919464290142325e+73
4.656280510674798e+73
3.681556343422629e+73
2.3286200522447446e+73
1.3547941896865367e+73
7.440394702141368e+72
3.918665614309736e+72
1.9999172769635513e+72
9.960079686788699e+71
4.865275571821359e+71
2.3393220707323318e+71
1.1102603186998483e+71
5.2120143626066845e+70
2.4240377144931035e+70
1.1183611030179392e+70
5.123579230937755e+69
2.333029823296261e+69
1.0565712984519284e+69
4.761787917877631e+68
2.136665731921752e+68
9.548814403504185e+67
4.2531491098402016e+67
1.8881069548894198e+67
8.35599087679445e+66
3.688760667724559e+66
1.6241290923192152e+66
7.133918845905709e+65
3.1266966976061937e+65
1.3678808030071189e+65
5.972429818350916e+64
2.6029420964075057e+64
1.1327605739716303e+64
