1.0275676513712556e+67
1.965342421046278e+70
4.165530603060429e+72
1.0485651047369158e+73
1.714355716280847e+73
2.335005428936102e+73
2.8666663054599356e+73
3.2902291452667784e+73
3.601564369606448e+73
3.8060043220294815e+73
3.913399490034026e+73
3.93805409755737e+73
3.8919582088987076e+73
3.789286160293386e+73
3.6429354053716395e+73
3.463849985415309e+73
3.262555946143339e+73
3.0471627563337834e+73
2.8247309237306214e+73
2.601094195015066e+73
1.8022752170973402e+73
9.22979694234872e+72
4.316919403220406e+72
1.898922922525424e+72
7.995090860242787e+71
3.2579052015365446e+71
1.294466779718634e+71
5.041581807690029e+70
1.9320889560713235e+70
7.305707939840193e+69
2.7317326485850707e+69
1.011793503534426e+69
3.716998890576964e+68
1.3559607225039826e+68
4.915592608515382e+67
1.7722963562634155e+67
6.358798330345444e+66
2.2716023227669016e+66
8.083276630328755e+65
2.86629710273947e+65
1.0131305528134494e+65
3.569921675932368e+64
1.2549750878420095e+64
4.400312984300708e+63
1.5394519271811412e+63
5.37432410705905e+62
1.872644193126898e+62
6.513265903235274e+61
2.2617630963374928e+61
7.841852240825641e+60
