0.0
1.7292551870043678e+69
1.0494972332498772e+71
4.100801522852544e+71
6.577395161382174e+71
8.196255371127935e+71
8.900867833692406e+71
8.843397817190346e+71
8.250693599323174e+71
7.3453713528598985e+71
6.306576356704447e+71
5.260463004803626e+71
4.286487940796168e+71
3.4253599158626784e+71
2.694014919657108e+71
2.0897012884481135e+71
1.6014361425592499e+71
1.2155360858635686e+71
9.142390406038295e+70
6.82234431347914e+70
2.0951093963240097e+70
3.0935994390649615e+69
4.158968050574061e+68
5.2565751281660005e+67
6.355677203189015e+66
7.440344909909053e+65
8.484165540899342e+64
9.477494978328471e+63
1.0406321772963223e+63
1.126432783318822e+62
1.2047798373644835e+61
1.2751954446808751e+60
1.3376631513549646e+59
1.3921207549180114e+58
1.438831976377074e+57
1.4779385134255073e+56
1.5097944829731054e+55
1.5346079811406364e+54
1.552950258368206e+53
1.5650533552245176e+52
1.571560584319861e+51
1.5726082213025074e+50
1.568849767097619e+49
1.5606361156226058e+48
1.5481700969655513e+47
1.5322317084649679e+46
1.5129446452132437e+45
1.4905147131848995e+44
1.4658475178750633e+43
1.438749943858708e+42
