0.0
1.0684207286630968e+71
7.890200621767106e+72
2.1006202756248416e+73
3.489731708290446e+73
4.8563021748925795e+73
6.126705787112658e+73
7.257979580394112e+73
8.228471274981461e+73
9.030625430490145e+73
9.666405029568847e+73
1.0143285275841901e+74
1.0472598252273014e+74
1.0668243638123594e+74
1.0744662453328622e+74
1.0716184566151428e+74
1.0598068007533019e+74
1.0403657294653389e+74
1.0145736941484028e+74
9.836436823036713e+73
8.352879265451827e+73
5.900502395514754e+73
3.8421279927561e+73
2.364548543520265e+73
1.3965974577963153e+73
7.995199463309057e+72
4.4666971142582774e+72
2.447148781202344e+72
1.3195460683311414e+72
7.021548401187407e+71
3.6949136305715724e+71
1.9258626135543134e+71
9.9561997541089e+70
5.110301908760108e+70
2.6065302945443642e+70
1.3221132068852533e+70
6.6721130585011944e+69
3.3528449683905615e+69
1.6778174874127233e+69
8.366078794206301e+68
4.1572441470961063e+68
2.0598631125539222e+68
1.0177097085404825e+68
5.0152514317338563e+67
2.4653919489040608e+67
1.2094660917149048e+67
5.9208220323166284e+66
2.8929178852290135e+66
1.410964330444455e+66
6.869435999913942e+65
