2.7632191432406967e+66
3.0702723039000224e+69
4.002769171293559e+71
7.59382423386758e+71
9.670646415814345e+71
1.0189937533530312e+72
9.59186021343276e+71
8.374803047867395e+71
6.930466249256452e+71
5.508458908407067e+71
4.2441622756141525e+71
3.190137369840351e+71
2.3496838909217975e+71
1.7023313610494623e+71
1.2162090294212461e+71
8.587177685642714e+70
6.00230199344315e+70
4.1589357783715836e+70
2.8597759345666455e+70
1.9533489801698626e+70
4.303296820608786e+69
3.904915690179511e+68
3.271686634933083e+67
2.6030655990991043e+66
1.9982448059755494e+65
1.4943830572304953e+64
1.0957687962682781e+63
7.913031975625893e+61
5.644772286250678e+60
3.9873768962892686e+59
2.7939501747675376e+58
1.9443625094754515e+57
1.3456179431359923e+56
9.267649838561032e+54
6.356931698480917e+53
4.3446700415080634e+52
2.9609820703712618e+51
2.012571225027423e+50
1.3648515262629722e+49
9.237432296067943e+47
6.241678791738634e+46
4.2109904485017437e+45
2.8374221102008178e+44
1.9095808798979618e+43
1.2840305824571631e+42
8.625336314166618e+40
5.790379748402389e+39
3.884646466252289e+38
2.604533666375916e+37
1.7454717588758917e+36
