0.0
9.649921247570729e+70
6.619877807462596e+72
1.6476831844133035e+73
2.6727350783187183e+73
3.659140643996627e+73
4.5540259732197805e+73
5.328874642648906e+73
5.971700307716859e+73
6.481099720778687e+73
6.861843867108037e+73
7.123078384976634e+73
7.27622095657759e+73
7.333643427331449e+73
7.308039227744501e+73
7.211884867248659e+73
7.056786389900382e+73
6.854029088246391e+73
6.612909816226682e+73
6.342825811232598e+73
5.166178205159185e+73
3.420864868554596e+73
2.0850234557003045e+73
1.2000696526278634e+73
6.6256234228920894e+72
3.544682405312005e+72
1.8506868020025677e+72
9.475688654543337e+71
4.775390680935089e+71
2.375201226995005e+71
1.1683882558013296e+71
5.693629701609566e+70
2.7517824149738927e+70
1.320677402614111e+70
6.299123829637936e+69
2.987637123125255e+69
1.4101367148688958e+69
6.626304200602682e+68
3.10128101088514e+68
1.4461761334997321e+68
6.72157856835982e+67
3.114642001606859e+67
1.4391440601101374e+67
6.6334282774598146e+66
3.0502867785333277e+66
1.3992970686461022e+66
6.406932309215367e+65
2.9282004899411456e+65
1.335730102052976e+65
6.083470091754331e+64
