0.0
9.787647226760538e+70
8.20036790535209e+72
2.5095656339278885e+73
4.361104151297817e+73
6.229356278061861e+73
8.001355135815757e+73
9.607633633527278e+73
1.1010467131719305e+74
1.2191908126672093e+74
1.3148572917624855e+74
1.3887295077469574e+74
1.4419841386163746e+74
1.4762130100010077e+74
1.493314275178779e+74
1.4952123492928983e+74
1.4837888899421432e+74
1.4610110243681187e+74
1.4286409928380367e+74
1.388393228902672e+74
1.186858242525236e+74
8.422308905303359e+73
5.483353515385494e+73
3.3637877491556905e+73
1.9756740928332913e+73
1.1228011637445163e+73
6.219071098879792e+72
3.374587240666238e+72
1.8007807720352873e+72
9.477030789614176e+71
4.929738299152802e+71
2.538918313008011e+71
1.2964036278367265e+71
6.570821991010445e+70
3.308523773658338e+70
1.6564213872660343e+70
8.25021540821042e+69
4.090406229755358e+69
2.0195681436183e+69
9.933918078326479e+68
4.869900134332063e+68
2.379820233515631e+68
1.159787162111384e+68
5.636457435499674e+67
2.7328158421121027e+67
1.322072398729696e+67
6.382729219353957e+66
3.0753022894764846e+66
1.4790951800794498e+66
7.101698439096002e+65
