1.2069478151786192e+67
2.924307002440459e+70
5.943947648306606e+72
1.6100156314562216e+73
2.713989007006605e+73
3.792886164066161e+73
4.7745050251267624e+73
5.6198248248770095e+73
6.311750961966065e+73
6.847065391629622e+73
7.232031732844285e+73
7.477553419854808e+73
7.59737523352462e+73
7.608398755022714e+73
7.526024418881841e+73
7.366006349445024e+73
7.142983115863937e+73
6.870823782673841e+73
6.561797708698184e+73
6.226169332079873e+73
4.845918521201251e+73
2.9694835179990216e+73
1.6639176299088106e+73
8.771032731121556e+72
4.423006909764702e+72
2.158126882040092e+72
1.0262139907251977e+72
4.78148554571871e+71
2.1913618829250396e+71
9.906433851683959e+70
4.427391300025598e+70
1.959586361405681e+70
8.600711978062758e+69
3.747504237138657e+69
1.6224789489032696e+69
6.986017785715597e+68
2.992631316137766e+68
1.2763841025749569e+68
5.421746545170327e+67
2.2946964896243383e+67
9.679478164636067e+66
4.0713013633863625e+66
1.7075892748951342e+66
7.14394434782602e+65
2.9817060880771884e+65
1.2418816683756345e+65
5.1619944021669305e+64
2.1414610569461104e+64
8.869158116288013e+63
3.667271304844448e+63
