1.1293859717493344e+67
2.6598637881133145e+70
5.39646048572416e+72
1.4177400871536084e+73
2.3646508727681278e+73
3.278127282096343e+73
4.096035309967045e+73
4.7864712614533814e+73
5.337109223707423e+73
5.747709141030838e+73
6.026112778606723e+73
6.183965726250634e+73
6.236225779216325e+73
6.197415962038215e+73
6.082252667445536e+73
5.907068931513655e+73
5.682140945683316e+73
5.4235701218074447e+73
5.13801944123257e+73
4.836127225861114e+73
3.6478890068526246e+73
2.129795254449666e+73
1.1368001614648568e+73
5.707282840547418e+72
2.741719758300239e+72
1.2743259829017138e+72
5.773593715037561e+71
2.5634411509227363e+71
1.11958955013868e+71
4.823703002842384e+70
2.054900509723454e+70
8.668451192824266e+69
3.627208419666706e+69
1.5067499557932305e+69
6.219244656448803e+68
2.5530817522796674e+68
1.0428212188219043e+68
4.240765262213591e+67
1.7175243286268328e+67
6.931814135033144e+66
2.7890124175919425e+66
1.1186207517510266e+66
4.474686520076503e+65
1.7854578759191058e+65
7.107548201409861e+64
2.8235071423150125e+64
1.1194621448890728e+64
4.4305070504042304e+63
1.7503955486723608e+63
6.904528992343637e+62
