8.559523216266014e+66
1.670730020870017e+70
3.56883225082659e+72
8.798055905818778e+72
1.421160505584564e+73
1.9139307352212386e+73
2.3231710803449175e+73
2.6355665769820566e+73
2.8508571851056135e+73
2.976148686684763e+73
3.0224130806198246e+73
3.002422635690858e+73
2.92931293892732e+73
2.8148696881522648e+73
2.6701707993244e+73
2.505087015053727e+73
2.3274810018917373e+73
2.144244245620775e+73
1.9605815399772405e+73
1.780539166482484e+73
1.168798154272642e+73
5.510144840949851e+72
2.3717656275586682e+72
9.60303275100781e+71
3.721777361087709e+71
1.3962959550763587e+71
5.1093418832491625e+70
1.832882351504226e+70
6.470471806864147e+69
2.254056831400458e+69
7.765708063440986e+68
2.6504082402606555e+68
8.972016263187598e+67
3.0161497549889e+67
1.0077151442228692e+67
3.3484894624048627e+66
1.1073071296178226e+66
3.6460079156490814e+65
1.1958468091908243e+65
3.9086165298015107e+64
1.2734410678175567e+64
4.136921418850856e+63
1.3404426448766548e+63
4.3325379432960335e+62
1.3971058162420463e+62
4.4967878196060343e+61
1.4443596489031214e+61
4.6314208102306986e+60
1.4826168153352996e+60
4.7386818351815335e+59
