0.0
1.1691800188336315e+71
8.256650600200032e+72
2.2552880418543237e+73
3.777045428524454e+73
5.284054679624938e+73
6.69484128874297e+73
7.961218032706181e+73
9.057505215429029e+73
9.974100379665023e+73
1.0711411973438032e+74
1.1275658658774827e+74
1.1679368997262866e+74
1.1935194989576237e+74
1.2058602335296482e+74
1.20648986723313e+74
1.196942762139041e+74
1.1787015291558544e+74
1.1531456315794378e+74
1.1215827794362956e+74
9.642302498835473e+73
6.942327023364376e+73
4.608781763435684e+73
2.892005164454197e+73
1.7415461695502035e+73
1.0163773830115816e+73
5.788030042596681e+72
3.2319054199600108e+72
1.775855812995517e+72
9.628616595015125e+71
5.161866298636114e+71
2.7407524442496535e+71
1.4432021746425717e+71
7.544212857313274e+70
3.918810012260737e+70
2.0240665265836347e+70
1.0401842143301557e+70
5.320871138112684e+69
2.711078193149152e+69
1.3760468278158613e+69
6.961641272623263e+68
3.5107514686115867e+68
1.765466093581171e+68
8.854855294496208e+67
4.430406958707467e+67
2.2117280740030706e+67
1.1017864031362777e+67
5.478073718706158e+66
2.718890998817811e+66
1.3470270663847786e+66
