0.0
9.861295215608635e+70
7.176133877094188e+72
1.835975009757243e+73
3.008651925976699e+73
4.148446806764706e+73
5.194028091066021e+73
6.111212221153455e+73
6.883986178477366e+73
7.50857578568826e+73
7.988732855549127e+73
8.332909890998959e+73
8.552916898953363e+73
8.661508611488774e+73
8.672285845480092e+73
8.598593074896878e+73
8.453694779409714e+73
8.249450483323685e+73
7.997195058144314e+73
7.707083982127628e+73
6.393754972856526e+73
4.355246038214419e+73
2.7320462030021708e+73
1.6188999858513644e+73
9.202803300712083e+72
5.069476663675728e+72
2.725225127077482e+72
1.4367012512615201e+72
7.453938843860823e+71
3.816757407597637e+71
1.9327522795799754e+71
9.69510143327527e+70
4.823607809612202e+70
2.382836228862237e+70
1.1697002493774255e+70
5.710937353814457e+69
2.7742824142987765e+69
1.3418910741578946e+69
6.464217189283404e+68
3.1027087240120223e+68
1.484358324007016e+68
7.079722089209464e+67
3.3674008893040026e+67
1.597788727097058e+67
7.562029071324846e+66
3.57199767693758e+66
1.683582398690551e+66
7.9214793806107905e+65
3.720032332439046e+65
1.744234356717691e+65
