0.0
1.11541802686045e+71
8.089899739825209e+72
2.1826524162387943e+73
3.64138136051644e+73
5.081582642971294e+73
6.42552597810326e+73
7.62727698361903e+73
8.663509747086409e+73
9.525391917800185e+73
1.0213891421529866e+74
1.0736244601198405e+74
1.1104268790471495e+74
1.133092443069374e+74
1.1431368001451e+74
1.142097710486487e+74
1.1314244414055067e+74
1.112569146382306e+74
1.0868658548419198e+74
1.0555702377593169e+74
9.024158630398932e+73
6.4417869203843e+73
4.239294695353836e+73
2.6372554470635584e+73
1.5745324819952545e+73
9.111132548140753e+72
5.144858446571722e+72
2.8489255971426655e+72
1.5524782179362844e+72
8.34881874749342e+71
4.439331606897388e+71
2.3382345955090823e+71
1.221414514635004e+71
6.3338801435358e+70
3.2643769342631864e+70
1.6727918584693952e+70
8.528986668223044e+69
4.3290310551172296e+69
2.188586833825758e+69
1.1023651661418817e+69
5.533610643284814e+68
2.7692414382284003e+68
1.3817518784403697e+68
6.877918326536443e+67
3.415119807561446e+67
1.6916729545568557e+67
8.364431272747693e+66
4.1268463017039845e+66
2.0327508683614882e+66
9.99508717564346e+65
